-0.18561,-0.96295,-0.19565,0.060633,0.1875,-0.98039,0.98075,-0.19383,0.023585,-0.14683,-0.8746,-0.46208,0.31192,0.40237,-0.8607,0.9387,-0.27051,0.21372,-0.13848,-0.96865,-0.20627,-0.26717,0.23709,-0.93403,0.95365,-0.07424,-0.29163,-0.13195,-0.88834,-0.43982,0.61231,0.27588,-0.74093,0.77953,-0.36707,0.50753
-0.18565,-0.96294,-0.19565,0.060364,0.18755,-0.9804,0.98076,-0.19382,0.023307,-0.14688,-0.87458,-0.46209,0.31185,0.40239,-0.86072,0.93871,-0.27053,0.21363,-0.1385,-0.96861,-0.2064,-0.26743,0.23725,-0.93391,0.95357,-0.074153,-0.29189,-0.13195,-0.88833,-0.43984,0.61221,0.27594,-0.74098,0.77961,-0.36705,0.50743
-0.18582,-0.96292,-0.1956,0.060035,0.18756,-0.98042,0.98075,-0.19393,0.022955,-0.14708,-0.87459,-0.46202,0.31173,0.40231,-0.86079,0.93872,-0.27063,0.21347,-0.13868,-0.96857,-0.20651,-0.26775,0.23743,-0.93378,0.95346,-0.074199,-0.29226,-0.13205,-0.88831,-0.43985,0.61204,0.27598,-0.74111,0.77973,-0.36707,0.50723
-0.18593,-0.96289,-0.19566,0.059668,0.1877,-0.98041,0.98075,-0.19396,0.022555,-0.14721,-0.87456,-0.46203,0.31167,0.40231,-0.86082,0.93872,-0.27072,0.21336,-0.13887,-0.9685,-0.20667,-0.26803,0.23766,-0.93364,0.95335,-0.074263,-0.29259,-0.1322,-0.88828,-0.43986,0.61186,0.27599,-0.74125,0.77984,-0.36713,0.50702
-0.18601,-0.96286,-0.19572,0.059283,0.18783,-0.98041,0.98076,-0.19397,0.022143,-0.14726,-0.87454,-0.46205,0.31153,0.40236,-0.86085,0.93876,-0.27071,0.21319,-0.139,-0.96844,-0.20688,-0.26834,0.23792,-0.93348,0.95324,-0.07424,-0.29294,-0.13223,-0.88826,-0.4399,0.61166,0.2761,-0.74138,0.77999,-0.3671,0.5068
-0.1861,-0.96285,-0.19565,0.05906,0.1878,-0.98043,0.98075,-0.19401,0.021916,-0.14734,-0.87454,-0.46202,0.31142,0.40234,-0.8609,0.93878,-0.27073,0.21307,-0.13918,-0.96839,-0.207,-0.26852,0.23811,-0.93338,0.95317,-0.074329,-0.29317,-0.13229,-0.88825,-0.43991,0.61156,0.27613,-0.74145,0.78006,-0.36712,0.50668
-0.18618,-0.96287,-0.19551,0.058759,0.18772,-0.98046,0.98076,-0.19403,0.021626,-0.14737,-0.87456,-0.46198,0.31137,0.40231,-0.86092,0.93879,-0.27072,0.21302,-0.13938,-0.96836,-0.20703,-0.26873,0.23821,-0.93329,0.95308,-0.074447,-0.29343,-0.13233,-0.88825,-0.4399,0.61143,0.27615,-0.74154,0.78015,-0.3671,0.50656
-0.18629,-0.96286,-0.19542,0.058645,0.18765,-0.98048,0.98074,-0.19412,0.021508,-0.14738,-0.87453,-0.46204,0.31149,0.40233,-0.86087,0.93875,-0.2708,0.21311,-0.13958,-0.96833,-0.20703,-0.26879,0.23828,-0.93326,0.95303,-0.074617,-0.29354,-0.1323,-0.88825,-0.4399,0.61141,0.27618,-0.74155,0.78017,-0.36706,0.50655
-0.18645,-0.96287,-0.19525,0.058482,0.1875,-0.98052,0.98072,-0.19424,0.02135,-0.14742,-0.87452,-0.46205,0.31154,0.40232,-0.86086,0.93873,-0.27085,0.21314,-0.13977,-0.96831,-0.20698,-0.26888,0.2383,-0.93323,0.95298,-0.074787,-0.29367,-0.13231,-0.88826,-0.43987,0.61135,0.27618,-0.74161,0.78022,-0.36704,0.5065
-0.18655,-0.96289,-0.19507,0.058334,0.18735,-0.98056,0.98071,-0.1943,0.02122,-0.14746,-0.8745,-0.46206,0.31154,0.40232,-0.86086,0.93872,-0.27089,0.21311,-0.13984,-0.96832,-0.20688,-0.26897,0.23822,-0.93322,0.95294,-0.074863,-0.29376,-0.13238,-0.88825,-0.43987,0.6113,0.27617,-0.74165,0.78025,-0.36707,0.50643
-0.1866,-0.96291,-0.19487,0.058182,0.18718,-0.9806,0.98071,-0.19432,0.021097,-0.1475,-0.8745,-0.46205,0.31157,0.40229,-0.86086,0.9387,-0.27094,0.21314,-0.1399,-0.96833,-0.2068,-0.26911,0.23817,-0.9332,0.95289,-0.074903,-0.29391,-0.13239,-0.88825,-0.43988,0.61127,0.27618,-0.74167,0.78027,-0.36707,0.50639
-0.18667,-0.96293,-0.19474,0.057997,0.18708,-0.98063,0.98071,-0.19435,0.020925,-0.14754,-0.87451,-0.46203,0.31163,0.40224,-0.86087,0.93868,-0.271,0.21317,-0.13996,-0.96833,-0.20674,-0.26922,0.23815,-0.93317,0.95285,-0.074947,-0.29403,-0.13248,-0.88825,-0.43985,0.6112,0.27614,-0.74174,0.78031,-0.3671,0.50631
-0.18668,-0.96294,-0.19466,0.057934,0.18701,-0.98065,0.98071,-0.19435,0.020876,-0.14755,-0.87451,-0.46201,0.3117,0.40221,-0.86086,0.93865,-0.27103,0.21324,-0.13997,-0.96833,-0.20675,-0.2692,0.23816,-0.93317,0.95286,-0.074957,-0.29401,-0.13247,-0.88827,-0.4398,0.61113,0.27613,-0.7418,0.78036,-0.36704,0.50628
-0.1867,-0.96295,-0.19459,0.057906,0.18694,-0.98066,0.98071,-0.19436,0.020858,-0.14757,-0.87452,-0.462,0.31176,0.40217,-0.86085,0.93863,-0.27107,0.21329,-0.13999,-0.96832,-0.20681,-0.26921,0.23822,-0.93316,0.95285,-0.074954,-0.29403,-0.13246,-0.88831,-0.43973,0.61108,0.27612,-0.74185,0.78041,-0.36698,0.50625
-0.18668,-0.96297,-0.19452,0.057823,0.18689,-0.98068,0.98072,-0.19432,0.020793,-0.14755,-0.87453,-0.46199,0.31176,0.40216,-0.86085,0.93863,-0.27105,0.21331,-0.14003,-0.9683,-0.20684,-0.26923,0.23826,-0.93314,0.95284,-0.074979,-0.29406,-0.13237,-0.88836,-0.43966,0.61097,0.27616,-0.74193,0.78051,-0.36683,0.5062
-0.18674,-0.96296,-0.1945,0.057636,0.1869,-0.98069,0.98072,-0.19434,0.020599,-0.14764,-0.87453,-0.46196,0.31176,0.40211,-0.86088,0.93862,-0.27112,0.21327,-0.14013,-0.96826,-0.20695,-0.2693,0.23841,-0.93308,0.95281,-0.075023,-0.29416,-0.13239,-0.88838,-0.43961,0.61085,0.27616,-0.74202,0.7806,-0.36677,0.5061
-0.18678,-0.96296,-0.19447,0.0574,0.18692,-0.9807,0.98072,-0.19434,0.020361,-0.14769,-0.87453,-0.46194,0.31176,0.40209,-0.86089,0.93861,-0.27116,0.21326,-0.14019,-0.96822,-0.20713,-0.26944,0.23861,-0.93299,0.95276,-0.074984,-0.29433,-0.13241,-0.88841,-0.43954,0.61077,0.27612,-0.7421,0.78065,-0.36673,0.50605
-0.18684,-0.96296,-0.1944,0.057103,0.18691,-0.98072,0.98073,-0.19433,0.020066,-0.14771,-0.87452,-0.46195,0.31167,0.40211,-0.86091,0.93864,-0.27114,0.21316,-0.14021,-0.96819,-0.20723,-0.26965,0.23873,-0.9329,0.9527,-0.074921,-0.29454,-0.13238,-0.88844,-0.43949,0.61068,0.27614,-0.74217,0.78073,-0.36664,0.506
-0.18683,-0.96299,-0.19429,0.056836,0.18685,-0.98074,0.98075,-0.19427,0.019824,-0.14771,-0.87453,-0.46194,0.31168,0.4021,-0.86091,0.93864,-0.27114,0.21318,-0.14024,-0.96819,-0.20724,-0.26983,0.23876,-0.93284,0.95264,-0.074898,-0.29473,-0.13235,-0.88842,-0.43955,0.61065,0.27622,-0.74217,0.78076,-0.36663,0.50595
-0.18671,-0.96303,-0.19419,0.056555,0.1868,-0.98077,0.98079,-0.19411,0.019586,-0.14766,-0.87454,-0.46193,0.31168,0.40211,-0.86091,0.93865,-0.27109,0.2132,-0.1402,-0.9682,-0.20719,-0.26996,0.23871,-0.93281,0.95261,-0.074844,-0.29484,-0.13225,-0.88843,-0.43954,0.61062,0.27629,-0.74217,0.78081,-0.36654,0.50595
-0.18662,-0.96308,-0.19406,0.056482,0.18669,-0.98079,0.98081,-0.194,0.019557,-0.14762,-0.87456,-0.4619,0.31165,0.40209,-0.86093,0.93866,-0.27104,0.2132,-0.14007,-0.96825,-0.20705,-0.27002,0.23854,-0.93284,0.95261,-0.074754,-0.29486,-0.13213,-0.88846,-0.43953,0.61063,0.27633,-0.74214,0.78081,-0.36645,0.50601
-0.18645,-0.96312,-0.19398,0.056481,0.18661,-0.98081,0.98084,-0.19383,0.019605,-0.14751,-0.87455,-0.46196,0.31174,0.40215,-0.86087,0.93865,-0.271,0.21332,-0.13984,-0.96831,-0.20694,-0.27005,0.23837,-0.93287,0.95264,-0.074572,-0.29483,-0.13199,-0.88846,-0.43957,0.61065,0.27643,-0.74208,0.78082,-0.36637,0.50606
-0.18621,-0.96318,-0.19395,0.056463,0.18658,-0.98081,0.98089,-0.19359,0.01964,-0.14744,-0.87452,-0.46204,0.31193,0.40219,-0.86078,0.93859,-0.27104,0.21349,-0.13964,-0.96834,-0.2069,-0.26998,0.23827,-0.93292,0.95269,-0.074416,-0.29471,-0.13185,-0.88845,-0.43963,0.61072,0.27653,-0.74199,0.78079,-0.36632,0.50613
-0.18607,-0.9632,-0.19396,0.056482,0.18659,-0.98081,0.98091,-0.19346,0.019684,-0.14737,-0.87452,-0.46206,0.31215,0.40216,-0.86071,0.93853,-0.27108,0.21372,-0.13946,-0.96838,-0.20685,-0.26992,0.23816,-0.93296,0.95273,-0.074273,-0.2946,-0.13179,-0.88844,-0.43967,0.61079,0.27656,-0.74193,0.78075,-0.36632,0.5062
-0.18582,-0.96326,-0.1939,0.056449,0.18655,-0.98082,0.98096,-0.1932,0.019712,-0.1473,-0.8745,-0.46211,0.31229,0.40219,-0.86065,0.9385,-0.27109,0.21385,-0.13919,-0.96843,-0.20682,-0.27002,0.23806,-0.93296,0.95274,-0.074012,-0.29462,-0.13166,-0.88847,-0.43965,0.61079,0.27662,-0.74191,0.78077,-0.36621,0.50624
-0.18559,-0.9633,-0.19394,0.056325,0.18661,-0.98082,0.98101,-0.19295,0.019625,-0.14725,-0.87449,-0.46214,0.31236,0.40221,-0.86061,0.93848,-0.27108,0.21393,-0.13894,-0.96845,-0.2069,-0.27018,0.23807,-0.93291,0.95273,-0.073717,-0.29474,-0.13152,-0.88847,-0.43968,0.61074,0.27674,-0.7419,0.78083,-0.36611,0.50623
-0.18557,-0.9633,-0.19397,0.056173,0.18668,-0.98081,0.98102,-0.19291,0.01947,-0.14726,-0.87449,-0.46215,0.31244,0.40219,-0.86059,0.93845,-0.27113,0.214,-0.1388,-0.96844,-0.20701,-0.2704,0.23815,-0.93283,0.95269,-0.073505,-0.29492,-0.13151,-0.88847,-0.43968,0.61066,0.27678,-0.74195,0.78089,-0.36607,0.50616
-0.18548,-0.96329,-0.19406,0.056091,0.18679,-0.9808,0.98105,-0.19281,0.019387,-0.14723,-0.87451,-0.46212,0.31246,0.40216,-0.8606,0.93845,-0.2711,0.21404,-0.13861,-0.96843,-0.20719,-0.27054,0.23828,-0.93276,0.95268,-0.073235,-0.29502,-0.13141,-0.88851,-0.43964,0.61063,0.27681,-0.74196,0.78093,-0.36596,0.50618
-0.18541,-0.96326,-0.19428,0.055954,0.18704,-0.98076,0.98107,-0.19271,0.019218,-0.14721,-0.8745,-0.46214,0.31246,0.40219,-0.86059,0.93845,-0.27109,0.21404,-0.13847,-0.96839,-0.20747,-0.27074,0.23852,-0.93263,0.95264,-0.07297,-0.29521,-0.13127,-0.8885,-0.43969,0.61056,0.27697,-0.74196,0.78101,-0.36585,0.50613
-0.18533,-0.96323,-0.19453,0.055826,0.18732,-0.98071,0.98109,-0.19262,0.019057,-0.14714,-0.87447,-0.46222,0.31243,0.40229,-0.86055,0.93848,-0.27104,0.21401,-0.13835,-0.96834,-0.20781,-0.27093,0.23882,-0.9325,0.9526,-0.072705,-0.29539,-0.13113,-0.88847,-0.43981,0.61044,0.2772,-0.74198,0.78113,-0.36577,0.50601
-0.18525,-0.96321,-0.19468,0.055786,0.18748,-0.98068,0.98111,-0.19253,0.019004,-0.14706,-0.87445,-0.46229,0.3124,0.40239,-0.86052,0.9385,-0.27097,0.21401,-0.13822,-0.96831,-0.208,-0.27111,0.23899,-0.93241,0.95257,-0.072487,-0.29555,-0.13088,-0.88848,-0.43987,0.61036,0.27742,-0.74196,0.78123,-0.36558,0.50599
-0.18517,-0.96322,-0.19474,0.055623,0.18758,-0.98067,0.98113,-0.19242,0.018844,-0.14701,-0.87442,-0.46235,0.31242,0.40245,-0.86048,0.9385,-0.27095,0.21402,-0.13816,-0.9683,-0.20808,-0.27132,0.23906,-0.93233,0.95252,-0.072354,-0.29575,-0.13076,-0.88845,-0.43995,0.6103,0.27758,-0.74194,0.7813,-0.36552,0.50593
-0.18504,-0.96322,-0.19486,0.055511,0.18773,-0.98065,0.98116,-0.19227,0.018733,-0.14698,-0.87436,-0.46249,0.3124,0.4026,-0.86042,0.93851,-0.27095,0.21397,-0.13814,-0.96828,-0.20819,-0.27152,0.23918,-0.93224,0.95247,-0.072247,-0.29595,-0.1306,-0.8884,-0.44011,0.61028,0.27781,-0.74188,0.78135,-0.36548,0.50588
-0.18489,-0.96323,-0.19494,0.055466,0.18782,-0.98064,0.98119,-0.19212,0.018701,-0.14694,-0.87427,-0.46266,0.31237,0.40279,-0.86034,0.93853,-0.27094,0.21391,-0.13802,-0.96828,-0.20827,-0.27177,0.23924,-0.93215,0.95241,-0.072049,-0.29617,-0.13044,-0.88834,-0.44027,0.61019,0.27807,-0.74185,0.78144,-0.36541,0.50579
-0.18478,-0.96327,-0.19485,0.05547,0.18772,-0.98065,0.98121,-0.19201,0.018745,-0.14686,-0.87426,-0.46271,0.31249,0.40282,-0.86028,0.9385,-0.27094,0.21404,-0.13782,-0.96832,-0.20824,-0.27188,0.23915,-0.93214,0.95241,-0.071851,-0.29623,-0.13024,-0.88837,-0.44027,0.61023,0.27816,-0.74179,0.78145,-0.36528,0.50588
-0.1846,-0.96331,-0.19483,0.055404,0.18772,-0.98066,0.98125,-0.19182,0.018718,-0.14675,-0.87423,-0.4628,0.31255,0.40292,-0.86022,0.9385,-0.27088,0.21411,-0.13754,-0.96837,-0.2082,-0.27201,0.23904,-0.93213,0.95241,-0.071577,-0.29628,-0.13005,-0.88838,-0.4403,0.61026,0.27828,-0.74172,0.78145,-0.36515,0.50596
-0.18438,-0.96336,-0.19477,0.055358,0.18767,-0.98067,0.9813,-0.1916,0.018728,-0.14669,-0.87425,-0.46279,0.31261,0.4029,-0.8602,0.93849,-0.27086,0.21419,-0.13728,-0.96842,-0.20812,-0.27213,0.23889,-0.93214,0.95242,-0.071327,-0.29633,-0.12985,-0.88842,-0.44029,0.61026,0.27837,-0.74168,0.78148,-0.365,0.50602
-0.1843,-0.96339,-0.19472,0.055175,0.18766,-0.98068,0.98132,-0.19148,0.018569,-0.14669,-0.87428,-0.46274,0.31258,0.40286,-0.86023,0.9385,-0.27083,0.21419,-0.13702,-0.96847,-0.20805,-0.27232,0.23876,-0.93211,0.9524,-0.071064,-0.29645,-0.1298,-0.88845,-0.44023,0.61021,0.27837,-0.74172,0.78154,-0.36491,0.50601
-0.18412,-0.96342,-0.19474,0.054882,0.18774,-0.98068,0.98137,-0.19125,0.018308,-0.1467,-0.87427,-0.46274,0.31249,0.40288,-0.86025,0.93852,-0.2708,0.2141,-0.13677,-0.96851,-0.20803,-0.27261,0.23869,-0.93205,0.95236,-0.070764,-0.29667,-0.12974,-0.88846,-0.44023,0.61004,0.27849,-0.74182,0.78168,-0.3648,0.50587
-0.18407,-0.96343,-0.19474,0.054675,0.18779,-0.98069,0.98139,-0.19117,0.018109,-0.14677,-0.87424,-0.46278,0.31243,0.40292,-0.86026,0.93853,-0.27084,0.214,-0.13665,-0.96851,-0.2081,-0.2728,0.23874,-0.93198,0.95232,-0.070589,-0.29683,-0.12967,-0.88846,-0.44026,0.60997,0.27858,-0.74184,0.78174,-0.36474,0.50581
-0.18407,-0.96343,-0.19471,0.054442,0.18779,-0.9807,0.9814,-0.19112,0.017884,-0.14683,-0.87422,-0.46279,0.31231,0.40295,-0.86029,0.93856,-0.27085,0.21386,-0.13655,-0.96852,-0.20816,-0.27301,0.23878,-0.93191,0.95227,-0.070422,-0.29702,-0.12961,-0.88845,-0.4403,0.60987,0.27869,-0.74188,0.78183,-0.36468,0.50572
-0.18404,-0.96346,-0.19461,0.05429,0.18773,-0.98072,0.98142,-0.19106,0.017755,-0.14687,-0.87421,-0.4628,0.31223,0.40298,-0.8603,0.93858,-0.27086,0.21377,-0.13641,-0.96854,-0.20812,-0.27324,0.23872,-0.93185,0.95222,-0.070252,-0.29721,-0.12955,-0.88849,-0.44023,0.60986,0.27867,-0.7419,0.78185,-0.36459,0.50575
-0.18407,-0.96348,-0.19449,0.054124,0.18763,-0.98075,0.98142,-0.19106,0.017609,-0.14695,-0.87418,-0.46283,0.31214,0.40302,-0.86031,0.9386,-0.27089,0.21365,-0.13644,-0.96856,-0.20803,-0.27352,0.23866,-0.93179,0.95214,-0.070233,-0.29749,-0.12946,-0.88852,-0.44019,0.60979,0.27872,-0.74194,0.78192,-0.36448,0.50573
-0.18404,-0.96351,-0.19435,0.053909,0.18753,-0.98078,0.98144,-0.19098,0.017427,-0.14697,-0.87416,-0.46286,0.31211,0.40306,-0.86031,0.93861,-0.2709,0.21359,-0.13644,-0.96857,-0.20799,-0.27376,0.23864,-0.93172,0.95207,-0.07018,-0.29771,-0.12938,-0.88854,-0.44017,0.60973,0.27878,-0.74197,0.78198,-0.36438,0.5057
-0.18415,-0.96352,-0.19421,0.053727,0.18742,-0.98081,0.98143,-0.19105,0.017253,-0.14702,-0.87415,-0.46286,0.31205,0.40306,-0.86033,0.93862,-0.27092,0.21352,-0.13649,-0.96857,-0.20794,-0.27396,0.23863,-0.93167,0.95201,-0.070195,-0.29792,-0.12943,-0.88855,-0.44014,0.60962,0.27878,-0.74206,0.78206,-0.36436,0.50559
-0.18419,-0.96354,-0.19407,0.053483,0.18733,-0.98084,0.98144,-0.19104,0.01703,-0.14713,-0.87412,-0.46289,0.31201,0.40307,-0.86034,0.93862,-0.27101,0.21343,-0.13657,-0.96857,-0.20792,-0.2741,0.23864,-0.93162,0.95195,-0.070246,-0.29808,-0.12953,-0.88857,-0.44008,0.6095,0.27872,-0.74217,0.78213,-0.36436,0.50548
-0.18431,-0.96356,-0.19389,0.053259,0.18718,-0.98088,0.98142,-0.19111,0.016818,-0.14728,-0.87413,-0.46283,0.31195,0.40299,-0.8604,0.93861,-0.2711,0.21333,-0.13665,-0.96858,-0.20781,-0.27425,0.23856,-0.9316,0.9519,-0.070311,-0.29823,-0.12966,-0.8886,-0.43997,0.60941,0.27861,-0.74229,0.78218,-0.36436,0.5054
-0.18434,-0.96357,-0.19377,0.052975,0.18712,-0.98091,0.98143,-0.19108,0.016552,-0.1474,-0.87412,-0.4628,0.31189,0.40296,-0.86043,0.93862,-0.27117,0.21323,-0.13674,-0.96858,-0.20775,-0.27441,0.23855,-0.93155,0.95184,-0.07037,-0.29841,-0.12973,-0.88865,-0.43985,0.60927,0.27853,-0.74244,0.78228,-0.3643,0.5053
-0.18446,-0.96358,-0.1936,0.052664,0.18701,-0.98095,0.98143,-0.19114,0.01625,-0.14754,-0.87414,-0.46273,0.31176,0.4029,-0.86051,0.93864,-0.27122,0.21308,-0.13682,-0.9686,-0.20761,-0.27464,0.23846,-0.93151,0.95176,-0.070427,-0.29864,-0.12982,-0.8887,-0.43972,0.60907,0.27847,-0.74262,0.78242,-0.36423,0.50513
-0.18454,-0.96361,-0.19341,0.052301,0.18689,-0.98099,0.98143,-0.19115,0.015909,-0.1477,-0.87413,-0.46269,0.31162,0.40286,-0.86058,0.93866,-0.27129,0.21289,-0.13693,-0.96859,-0.20755,-0.27489,0.23845,-0.93144,0.95167,-0.070491,-0.29891,-0.12994,-0.88873,-0.43964,0.60882,0.27845,-0.74283,0.78259,-0.36418,0.5049
-0.18467,-0.96361,-0.19325,0.052,0.18678,-0.98103,0.98142,-0.19122,0.015616,-0.14788,-0.87412,-0.46265,0.31149,0.40282,-0.86064,0.93867,-0.27138,0.21271,-0.13707,-0.96858,-0.2075,-0.27522,0.23847,-0.93134,0.95156,-0.070552,-0.29926,-0.13005,-0.88876,-0.43954,0.60861,0.27841,-0.74302,0.78274,-0.36414,0.5047
-0.18485,-0.9636,-0.19316,0.05172,0.18673,-0.98105,0.9814,-0.19134,0.01532,-0.14803,-0.87405,-0.46273,0.31138,0.4029,-0.86065,0.93868,-0.27149,0.21252,-0.13719,-0.96857,-0.20747,-0.27547,0.23849,-0.93126,0.95147,-0.070609,-0.29953,-0.13023,-0.88873,-0.43954,0.6084,0.27841,-0.74319,0.78287,-0.3642,0.50445
-0.18504,-0.96359,-0.193,0.051445,0.18663,-0.98108,0.98138,-0.19147,0.015038,-0.14817,-0.87403,-0.46272,0.31124,0.40289,-0.8607,0.93871,-0.27155,0.21234,-0.1373,-0.96858,-0.20738,-0.27574,0.23846,-0.93119,0.95138,-0.070671,-0.29981,-0.13039,-0.88874,-0.43948,0.60822,0.27835,-0.74336,0.78299,-0.36423,0.50425
-0.1853,-0.96357,-0.19289,0.051272,0.18654,-0.98111,0.98134,-0.19169,0.014839,-0.14834,-0.87399,-0.46274,0.31108,0.40293,-0.86074,0.93874,-0.27163,0.21211,-0.13748,-0.96857,-0.20728,-0.27598,0.23844,-0.93112,0.95128,-0.070808,-0.30009,-0.13063,-0.88872,-0.43945,0.60809,0.27826,-0.7435,0.78304,-0.36435,0.50407
-0.18551,-0.96354,-0.19281,0.051054,0.1865,-0.98113,0.98132,-0.19185,0.014595,-0.14845,-0.87393,-0.46282,0.31097,0.40301,-0.86074,0.93875,-0.27171,0.21194,-0.13763,-0.96855,-0.20728,-0.27619,0.23849,-0.93104,0.9512,-0.070892,-0.30033,-0.13078,-0.88868,-0.43948,0.60799,0.27826,-0.74359,0.7831,-0.36445,0.50392
-0.18566,-0.96352,-0.19275,0.050996,0.18645,-0.98114,0.98129,-0.19199,0.014518,-0.14852,-0.87387,-0.46293,0.31098,0.4031,-0.8607,0.93874,-0.27179,0.21189,-0.13776,-0.96853,-0.20729,-0.27629,0.23855,-0.931,0.95115,-0.070981,-0.30045,-0.13082,-0.88867,-0.43949,0.60794,0.27827,-0.74362,0.78313,-0.36447,0.50385
-0.18579,-0.96352,-0.19264,0.050834,0.18636,-0.98116,0.98127,-0.19208,0.014357,-0.14864,-0.87386,-0.4629,0.31083,0.40309,-0.86076,0.93877,-0.27182,0.21171,-0.13792,-0.96851,-0.20727,-0.27646,0.2386,-0.93094,0.95108,-0.071092,-0.30066,-0.13091,-0.88865,-0.4395,0.60788,0.27825,-0.74368,0.78316,-0.36451,0.50378
-0.18595,-0.96351,-0.19255,0.050588,0.18632,-0.98119,0.98126,-0.19219,0.014095,-0.14875,-0.87385,-0.46287,0.31069,0.40308,-0.86081,0.9388,-0.27186,0.21154,-0.1381,-0.96849,-0.20724,-0.27663,0.23864,-0.93087,0.951,-0.071227,-0.30087,-0.13102,-0.88866,-0.43945,0.60779,0.27819,-0.74377,0.78321,-0.36454,0.50367
-0.18601,-0.9635,-0.19252,0.050417,0.18632,-0.98119,0.98125,-0.19222,0.01392,-0.14881,-0.87384,-0.46288,0.31067,0.40308,-0.86082,0.9388,-0.2719,0.2115,-0.13822,-0.96845,-0.20737,-0.27668,0.23881,-0.93082,0.95097,-0.071286,-0.30096,-0.13099,-0.88867,-0.43945,0.60774,0.27823,-0.7438,0.78326,-0.3645,0.50363
-0.18613,-0.96348,-0.19252,0.050216,0.18636,-0.9812,0.98124,-0.1923,0.013693,-0.14886,-0.87382,-0.4629,0.3107,0.40308,-0.86081,0.93878,-0.27197,0.21149,-0.1384,-0.96839,-0.20754,-0.27671,0.23902,-0.93075,0.95094,-0.071391,-0.30104,-0.13104,-0.88865,-0.43947,0.60774,0.27822,-0.7438,0.78325,-0.36455,0.50361
-0.18618,-0.96347,-0.19254,0.050054,0.18641,-0.9812,0.98124,-0.19232,0.013519,-0.14886,-0.87379,-0.46296,0.31072,0.40313,-0.86078,0.93877,-0.27199,0.2115,-0.13844,-0.96833,-0.20777,-0.27671,0.23925,-0.93069,0.95093,-0.071356,-0.30107,-0.13106,-0.88862,-0.43951,0.60775,0.27824,-0.74379,0.78324,-0.36459,0.50359
-0.18631,-0.96344,-0.19256,0.050009,0.18644,-0.98119,0.98122,-0.19243,0.013444,-0.14886,-0.87374,-0.46306,0.31078,0.40321,-0.86072,0.93875,-0.27204,0.21152,-0.13862,-0.96828,-0.20787,-0.27672,0.23941,-0.93065,0.9509,-0.071482,-0.30113,-0.13111,-0.8886,-0.43954,0.60783,0.27821,-0.74374,0.78317,-0.36467,0.50364
-0.18638,-0.96341,-0.19263,0.049982,0.18652,-0.98118,0.98121,-0.1925,0.01339,-0.14888,-0.8737,-0.46313,0.31081,0.40326,-0.86068,0.93874,-0.27208,0.21152,-0.13867,-0.96824,-0.20803,-0.27672,0.23958,-0.9306,0.95089,-0.071482,-0.30116,-0.13108,-0.88854,-0.43967,0.60787,0.2783,-0.74367,0.78314,-0.36474,0.50364
-0.18652,-0.96336,-0.19273,0.049871,0.18664,-0.98116,0.98118,-0.19262,0.013233,-0.14895,-0.87362,-0.46325,0.31086,0.40336,-0.86062,0.93871,-0.2722,0.2115,-0.1388,-0.96817,-0.20826,-0.27675,0.23984,-0.93053,0.95087,-0.071525,-0.30123,-0.13115,-0.88846,-0.43982,0.60792,0.27837,-0.7436,0.78309,-0.3649,0.5036
-0.18663,-0.96332,-0.19283,0.049771,0.18675,-0.98115,0.98117,-0.19271,0.013092,-0.14905,-0.87354,-0.46337,0.31092,0.40344,-0.86056,0.93868,-0.27234,0.21146,-0.13889,-0.96812,-0.20846,-0.27674,0.24006,-0.93048,0.95085,-0.071548,-0.30126,-0.13122,-0.88839,-0.43994,0.60795,0.27842,-0.74356,0.78306,-0.36503,0.50356
-0.18666,-0.9633,-0.19289,0.049581,0.18685,-0.98114,0.98117,-0.1927,0.012883,-0.14911,-0.87346,-0.46349,0.31094,0.40354,-0.86051,0.93866,-0.27243,0.21143,-0.13885,-0.96809,-0.20864,-0.2768,0.24022,-0.93042,0.95084,-0.071434,-0.30132,-0.13125,-0.88832,-0.44008,0.60801,0.27849,-0.74349,0.78301,-0.36515,0.50355
-0.18675,-0.96327,-0.19297,0.049432,0.18696,-0.98112,0.98116,-0.19276,0.012702,-0.1492,-0.87339,-0.46361,0.311,0.40361,-0.86045,0.93863,-0.27256,0.2114,-0.13877,-0.96805,-0.20884,-0.2768,0.24039,-0.93037,0.95086,-0.0713,-0.30131,-0.13128,-0.88825,-0.4402,0.60807,0.27855,-0.74341,0.78295,-0.36527,0.50355
-0.18679,-0.96325,-0.19303,0.049247,0.18706,-0.98111,0.98116,-0.19277,0.012496,-0.14924,-0.87331,-0.46375,0.31102,0.40374,-0.86039,0.93861,-0.27264,0.21136,-0.13865,-0.96803,-0.20902,-0.27683,0.24053,-0.93033,0.95086,-0.071127,-0.30133,-0.13127,-0.88818,-0.44034,0.60812,0.27865,-0.74333,0.78291,-0.36536,0.50355
-0.18684,-0.96324,-0.19305,0.049173,0.1871,-0.98111,0.98116,-0.1928,0.012408,-0.14932,-0.87324,-0.46386,0.3111,0.4038,-0.86033,0.93857,-0.27277,0.21137,-0.13852,-0.96804,-0.20909,-0.27686,0.24056,-0.93031,0.95087,-0.070979,-0.30133,-0.13129,-0.88812,-0.44046,0.60822,0.2787,-0.74324,0.78284,-0.36548,0.50358
-0.18688,-0.96321,-0.19313,0.049223,0.18717,-0.98109,0.98115,-0.19286,0.012434,-0.14941,-0.87316,-0.46397,0.31122,0.40386,-0.86025,0.93852,-0.27293,0.2114,-0.13838,-0.96803,-0.20922,-0.27686,0.24065,-0.93029,0.95089,-0.070812,-0.30131,-0.13134,-0.88806,-0.44057,0.60831,0.27871,-0.74315,0.78276,-0.36561,0.50361
-0.18695,-0.96318,-0.19322,0.049205,0.18726,-0.98108,0.98114,-0.19292,0.012384,-0.14943,-0.87308,-0.46411,0.31124,0.40399,-0.86019,0.93851,-0.27298,0.21137,-0.13829,-0.968,-0.2094,-0.2769,0.24079,-0.93024,0.95089,-0.07066,-0.30134,-0.13136,-0.88799,-0.4407,0.60835,0.27879,-0.74309,0.78272,-0.36571,0.50359
-0.18703,-0.96315,-0.19331,0.04918,0.18735,-0.98106,0.98112,-0.19299,0.012328,-0.14948,-0.87301,-0.46423,0.31128,0.40408,-0.86013,0.93849,-0.27308,0.21135,-0.13834,-0.96797,-0.20952,-0.27684,0.24092,-0.93022,0.95091,-0.070685,-0.3013,-0.13134,-0.88795,-0.44078,0.6084,0.27885,-0.74303,0.78268,-0.36576,0.50361
-0.18701,-0.96313,-0.19341,0.049221,0.18745,-0.98104,0.98112,-0.19299,0.01235,-0.14945,-0.87295,-0.46434,0.3114,0.40417,-0.86005,0.93845,-0.27313,0.21144,-0.13832,-0.96794,-0.20965,-0.27671,0.24103,-0.93023,0.95095,-0.070654,-0.30118,-0.13125,-0.8879,-0.44091,0.60848,0.27897,-0.74292,0.78264,-0.36579,0.50366
-0.187,-0.96312,-0.19347,0.04917,0.18752,-0.98103,0.98113,-0.19297,0.01229,-0.14942,-0.87291,-0.46445,0.31147,0.40425,-0.85998,0.93843,-0.27316,0.21149,-0.13827,-0.96792,-0.2098,-0.2767,0.24116,-0.9302,0.95095,-0.07057,-0.30117,-0.13121,-0.88788,-0.44097,0.60856,0.279,-0.74284,0.78258,-0.36583,0.50372
-0.18698,-0.96311,-0.19352,0.048989,0.18761,-0.98102,0.98114,-0.19291,0.012103,-0.14939,-0.87285,-0.46455,0.31144,0.40437,-0.85993,0.93845,-0.27315,0.21144,-0.13826,-0.96789,-0.20992,-0.27677,0.24127,-0.93015,0.95094,-0.070506,-0.30125,-0.1312,-0.88785,-0.44104,0.60856,0.27906,-0.74281,0.78258,-0.36585,0.5037
-0.18694,-0.96312,-0.19352,0.04881,0.18764,-0.98102,0.98116,-0.19284,0.011932,-0.14937,-0.87282,-0.46463,0.31141,0.40446,-0.8599,0.93846,-0.27313,0.21139,-0.13831,-0.96787,-0.21,-0.27688,0.24137,-0.9301,0.9509,-0.070495,-0.30136,-0.13116,-0.88781,-0.44112,0.6085,0.27918,-0.74282,0.78264,-0.36585,0.50361
-0.18687,-0.96314,-0.19349,0.048645,0.18765,-0.98103,0.98118,-0.19274,0.011785,-0.14936,-0.87278,-0.4647,0.3114,0.40454,-0.85987,0.93847,-0.27313,0.21136,-0.13819,-0.96787,-0.21009,-0.27693,0.24143,-0.93007,0.9509,-0.070348,-0.30139,-0.13107,-0.88782,-0.44112,0.60839,0.27928,-0.74287,0.78274,-0.36574,0.50354
-0.18685,-0.96315,-0.19346,0.04842,0.18766,-0.98104,0.98119,-0.19268,0.011571,-0.14937,-0.87276,-0.46473,0.31132,0.40459,-0.85988,0.93849,-0.27312,0.21128,-0.13809,-0.96787,-0.21013,-0.27714,0.24145,-0.93,0.95086,-0.070184,-0.30157,-0.13106,-0.88784,-0.4411,0.60836,0.27928,-0.7429,0.78276,-0.36571,0.50352
-0.18682,-0.96318,-0.19334,0.048185,0.18759,-0.98107,0.98121,-0.1926,0.011366,-0.1494,-0.87276,-0.46472,0.31121,0.4046,-0.85991,0.93852,-0.2731,0.21117,-0.13789,-0.96792,-0.21004,-0.27739,0.24132,-0.92996,0.95081,-0.069972,-0.30176,-0.13102,-0.88786,-0.44106,0.60828,0.27932,-0.74295,0.78283,-0.36563,0.50347
-0.18684,-0.9632,-0.19321,0.04798,0.18749,-0.98109,0.98122,-0.19258,0.011183,-0.14943,-0.87277,-0.4647,0.31119,0.40458,-0.85993,0.93853,-0.27311,0.21114,-0.13772,-0.96798,-0.20987,-0.27748,0.24111,-0.92998,0.95081,-0.069846,-0.3018,-0.13096,-0.8879,-0.44101,0.60814,0.27936,-0.74305,0.78295,-0.36551,0.50338
-0.18678,-0.96324,-0.1931,0.047844,0.18741,-0.98112,0.98124,-0.19249,0.01108,-0.14942,-0.87278,-0.46467,0.31113,0.40457,-0.85995,0.93855,-0.27307,0.2111,-0.13755,-0.96804,-0.20972,-0.27758,0.24092,-0.93,0.95081,-0.069706,-0.30184,-0.13095,-0.88795,-0.44091,0.60799,0.27936,-0.74317,0.78307,-0.36539,0.50328
-0.18678,-0.96326,-0.193,0.047639,0.18735,-0.98114,0.98125,-0.19245,0.010895,-0.14945,-0.87278,-0.46468,0.31106,0.40459,-0.85997,0.93857,-0.27307,0.21102,-0.13739,-0.96808,-0.20961,-0.27765,0.24077,-0.93002,0.95081,-0.069574,-0.30187,-0.13097,-0.88799,-0.44083,0.60787,0.27934,-0.74328,0.78316,-0.36531,0.50319
-0.18673,-0.96329,-0.19288,0.047436,0.18727,-0.98116,0.98127,-0.19236,0.010727,-0.14939,-0.87279,-0.46467,0.311,0.40462,-0.85998,0.93859,-0.27299,0.21099,-0.1372,-0.96813,-0.20951,-0.27775,0.24063,-0.93003,0.9508,-0.069409,-0.30192,-0.13093,-0.88801,-0.44078,0.60775,0.27938,-0.74337,0.78326,-0.36521,0.50311
-0.18671,-0.96332,-0.19276,0.047278,0.18717,-0.98119,0.98128,-0.19231,0.010597,-0.14943,-0.87275,-0.46474,0.31102,0.40467,-0.85995,0.93858,-0.27304,0.21097,-0.13709,-0.96816,-0.20945,-0.27782,0.24054,-0.93003,0.9508,-0.069309,-0.30195,-0.1308,-0.88804,-0.44076,0.60768,0.27946,-0.74339,0.78333,-0.36508,0.5031
-0.18669,-0.96335,-0.1926,0.047197,0.18703,-0.98122,0.98128,-0.19228,0.01055,-0.1494,-0.87272,-0.4648,0.31098,0.40475,-0.85993,0.9386,-0.27301,0.21093,-0.13704,-0.9682,-0.20929,-0.27796,0.24038,-0.93003,0.95077,-0.069271,-0.30207,-0.13078,-0.88808,-0.44069,0.60759,0.27945,-0.74346,0.78341,-0.36499,0.50305
-0.18658,-0.9634,-0.19246,0.047082,0.18691,-0.98125,0.98131,-0.19214,0.010485,-0.14934,-0.87273,-0.46481,0.31096,0.40477,-0.85992,0.93862,-0.27296,0.21093,-0.137,-0.96825,-0.20912,-0.27809,0.24021,-0.93003,0.95073,-0.069258,-0.30217,-0.13069,-0.88811,-0.44067,0.60751,0.27951,-0.7435,0.78348,-0.36488,0.50301
-0.18647,-0.96344,-0.19237,0.046869,0.18685,-0.98127,0.98134,-0.192,0.010312,-0.1493,-0.87271,-0.46485,0.31091,0.40485,-0.8599,0.93864,-0.27291,0.21089,-0.13694,-0.96827,-0.20903,-0.27823,0.24012,-0.93002,0.9507,-0.0692,-0.30228,-0.13062,-0.88814,-0.44062,0.60741,0.27956,-0.74357,0.78357,-0.36477,0.50295
-0.18644,-0.96348,-0.1922,0.04659,0.18674,-0.9813,0.98136,-0.19191,0.010072,-0.14932,-0.87269,-0.46489,0.31086,0.40488,-0.8599,0.93865,-0.27292,0.21083,-0.13687,-0.96831,-0.20892,-0.27839,0.24001,-0.93,0.95067,-0.069124,-0.30242,-0.13058,-0.88818,-0.44054,0.60727,0.27958,-0.74368,0.78369,-0.36464,0.50286
-0.18644,-0.96349,-0.19217,0.046292,0.18677,-0.98131,0.98138,-0.19185,0.0097811,-0.14941,-0.87263,-0.46496,0.31079,0.40496,-0.85989,0.93866,-0.27298,0.2107,-0.13681,-0.96831,-0.20895,-0.2786,0.24003,-0.92993,0.95061,-0.069008,-0.3026,-0.1306,-0.8882,-0.44051,0.6071,0.27963,-0.7438,0.78382,-0.36457,0.50271
-0.18642,-0.96349,-0.19218,0.046118,0.18681,-0.98131,0.98139,-0.1918,0.0096094,-0.14948,-0.87258,-0.46504,0.31072,0.40505,-0.85988,0.93867,-0.27304,0.21058,-0.13668,-0.96831,-0.20902,-0.27879,0.24007,-0.92986,0.95058,-0.068818,-0.30277,-0.13059,-0.88821,-0.44049,0.60693,0.27969,-0.74391,0.78395,-0.36449,0.50256
-0.18647,-0.96349,-0.19213,0.045827,0.18682,-0.98132,0.98139,-0.19179,0.0093171,-0.14954,-0.87259,-0.465,0.31063,0.40501,-0.85993,0.9387,-0.27303,0.21049,-0.13662,-0.96831,-0.20906,-0.27898,0.24011,-0.92979,0.95053,-0.068704,-0.30295,-0.13059,-0.88825,-0.44041,0.60674,0.27971,-0.74406,0.7841,-0.36438,0.50241
-0.18643,-0.96349,-0.19218,0.045538,0.18692,-0.98132,0.98141,-0.1917,0.0090263,-0.14955,-0.87253,-0.46511,0.3105,0.40517,-0.8599,0.93874,-0.27301,0.21033,-0.13653,-0.96829,-0.20924,-0.27915,0.24027,-0.9297,0.95049,-0.068522,-0.30311,-0.13052,-0.88826,-0.44041,0.60654,0.27984,-0.74418,0.78427,-0.36425,0.50224
-0.18652,-0.96348,-0.19212,0.045246,0.18692,-0.98133,0.98141,-0.19173,0.0087306,-0.14961,-0.87252,-0.46512,0.31042,0.40518,-0.85993,0.93875,-0.27303,0.21022,-0.13653,-0.96827,-0.20931,-0.27934,0.24034,-0.92963,0.95044,-0.06845,-0.30329,-0.13051,-0.88832,-0.44029,0.60633,0.27985,-0.74434,0.78443,-0.3641,0.50209
-0.18651,-0.96349,-0.19212,0.044994,0.18697,-0.98134,0.98142,-0.19167,0.0084798,-0.14967,-0.87252,-0.46509,0.31031,0.40517,-0.85997,0.93878,-0.27304,0.21011,-0.13646,-0.96826,-0.20943,-0.27949,0.24044,-0.92956,0.9504,-0.068314,-0.30343,-0.13051,-0.88834,-0.44026,0.60614,0.27991,-0.74447,0.78458,-0.36402,0.50193
-0.18648,-0.96351,-0.19203,0.044683,0.18694,-0.98135,0.98144,-0.19158,0.0081914,-0.14979,-0.87251,-0.46508,0.31018,0.40517,-0.86002,0.9388,-0.27308,0.20994,-0.1364,-0.96826,-0.20943,-0.27967,0.24044,-0.9295,0.95036,-0.068216,-0.30359,-0.13057,-0.88835,-0.44021,0.60597,0.27991,-0.74461,0.7847,-0.36398,0.50176
-0.18644,-0.96354,-0.1919,0.0444,0.18687,-0.98138,0.98146,-0.19149,0.0079413,-0.14991,-0.8725,-0.46505,0.31013,0.40513,-0.86005,0.9388,-0.27316,0.20985,-0.1364,-0.96828,-0.20936,-0.27985,0.24039,-0.92946,0.9503,-0.068192,-0.30377,-0.1306,-0.88838,-0.44015,0.60582,0.27992,-0.74473,0.78481,-0.36391,0.50164
-0.18642,-0.96356,-0.19181,0.0441,0.18683,-0.9814,0.98148,-0.19141,0.0076647,-0.15001,-0.87247,-0.46507,0.31009,0.40514,-0.86006,0.9388,-0.27323,0.20977,-0.13645,-0.96831,-0.20918,-0.28005,0.24025,-0.92944,0.95024,-0.068242,-0.30396,-0.1306,-0.88836,-0.44017,0.6057,0.27999,-0.7448,0.7849,-0.36389,0.50152
-0.18636,-0.9636,-0.1917,0.043883,0.18675,-0.98143,0.9815,-0.19131,0.0074828,-0.15002,-0.87248,-0.46506,0.31003,0.40514,-0.86008,0.93882,-0.27321,0.20971,-0.13637,-0.96837,-0.20897,-0.28021,0.24003,-0.92945,0.9502,-0.06819,-0.30407,-0.13054,-0.88839,-0.44015,0.60567,0.28002,-0.74482,0.78494,-0.36381,0.50151
-0.18633,-0.96361,-0.19166,0.043866,0.18673,-0.98143,0.98151,-0.19128,0.0074765,-0.14998,-0.87245,-0.46513,0.31014,0.40519,-0.86002,0.93879,-0.27324,0.20981,-0.13629,-0.9684,-0.20886,-0.28018,0.2399,-0.92949,0.95022,-0.068157,-0.30403,-0.13047,-0.88836,-0.44022,0.60569,0.28011,-0.74477,0.78493,-0.36381,0.50152
-0.18632,-0.96361,-0.19168,0.043883,0.18674,-0.98143,0.98151,-0.19127,0.0074937,-0.14995,-0.8724,-0.46523,0.31029,0.40525,-0.85994,0.93874,-0.27331,0.20993,-0.13621,-0.96841,-0.20887,-0.28013,0.23988,-0.92951,0.95025,-0.068097,-0.30396,-0.13042,-0.88833,-0.44029,0.60562,0.28023,-0.74478,0.785,-0.36378,0.50144
-0.18631,-0.96358,-0.19183,0.043991,0.18687,-0.9814,0.98151,-0.19128,0.0075731,-0.1499,-0.87235,-0.46533,0.31041,0.40532,-0.85986,0.93871,-0.27334,0.21003,-0.13614,-0.96839,-0.209,-0.28011,0.23998,-0.92949,0.95027,-0.067993,-0.30393,-0.13038,-0.88829,-0.44039,0.60557,0.28036,-0.74478,0.78504,-0.36379,0.50136
-0.18629,-0.96356,-0.19197,0.044025,0.18701,-0.98137,0.98151,-0.19127,0.0075835,-0.14984,-0.87234,-0.46538,0.31052,0.40536,-0.8598,0.93868,-0.27335,0.21014,-0.13601,-0.96838,-0.20917,-0.28011,0.2401,-0.92946,0.95028,-0.067822,-0.30391,-0.13026,-0.88827,-0.44046,0.60551,0.2805,-0.74476,0.7851,-0.36372,0.50132
-0.18631,-0.96352,-0.19212,0.043954,0.18717,-0.98134,0.98151,-0.19128,0.0074786,-0.14982,-0.87233,-0.4654,0.31064,0.40535,-0.85977,0.93865,-0.27338,0.21025,-0.13597,-0.96833,-0.20941,-0.28015,0.24032,-0.92939,0.95028,-0.067698,-0.30396,-0.13017,-0.88827,-0.44049,0.60546,0.2806,-0.74477,0.78516,-0.36365,0.50129
-0.18625,-0.96349,-0.19234,0.043864,0.18741,-0.9813,0.98152,-0.19121,0.0073556,-0.14968,-0.87231,-0.46547,0.31075,0.40541,-0.85969,0.93863,-0.27332,0.21039,-0.13583,-0.96828,-0.20973,-0.28013,0.24059,-0.92933,0.9503,-0.067478,-0.30392,-0.13002,-0.88825,-0.44057,0.60554,0.28071,-0.74466,0.78512,-0.3636,0.50138
-0.1861,-0.96347,-0.19258,0.043736,0.18768,-0.98126,0.98156,-0.19103,0.0072102,-0.14954,-0.87231,-0.46553,0.31082,0.40548,-0.85964,0.93863,-0.27325,0.2105,-0.13566,-0.96823,-0.21007,-0.28012,0.24086,-0.92926,0.95033,-0.067218,-0.30389,-0.12985,-0.88826,-0.44061,0.60554,0.28083,-0.74462,0.78515,-0.36349,0.50141
-0.18607,-0.96342,-0.19285,0.0435,0.18801,-0.9812,0.98157,-0.19097,0.0069255,-0.14951,-0.87225,-0.46564,0.31088,0.40558,-0.85957,0.93862,-0.27327,0.21052,-0.13555,-0.96816,-0.21045,-0.28011,0.24119,-0.92917,0.95035,-0.067004,-0.30389,-0.1297,-0.88821,-0.44074,0.60557,0.28102,-0.74452,0.78515,-0.36346,0.50143
-0.18595,-0.9634,-0.19307,0.043248,0.18828,-0.98116,0.98161,-0.1908,0.0066534,-0.14944,-0.87218,-0.4658,0.31096,0.40573,-0.85947,0.9386,-0.27328,0.21058,-0.1354,-0.9681,-0.21083,-0.28017,0.24151,-0.92907,0.95035,-0.066727,-0.30393,-0.12952,-0.88818,-0.44087,0.60554,0.28123,-0.74447,0.78521,-0.36339,0.5014
-0.18577,-0.9634,-0.19328,0.043053,0.18854,-0.98112,0.98165,-0.19059,0.0064526,-0.14934,-0.87209,-0.46601,0.31099,0.40595,-0.85936,0.93861,-0.27326,0.21059,-0.1351,-0.96808,-0.21112,-0.28023,0.24171,-0.92901,0.95038,-0.06635,-0.30394,-0.12933,-0.88811,-0.44106,0.60546,0.28153,-0.74442,0.7853,-0.36332,0.5013
-0.18558,-0.96337,-0.19357,0.042936,0.18885,-0.98107,0.98169,-0.19038,0.006316,-0.14924,-0.87199,-0.46621,0.31117,0.40612,-0.85921,0.93856,-0.2733,0.21073,-0.13482,-0.96806,-0.21141,-0.28026,0.2419,-0.92894,0.95041,-0.065985,-0.30392,-0.12919,-0.88803,-0.44127,0.60539,0.28181,-0.74437,0.78537,-0.36331,0.5012
-0.18533,-0.96337,-0.19381,0.042854,0.18911,-0.98102,0.98174,-0.19012,0.0062356,-0.1492,-0.87189,-0.46642,0.31136,0.40628,-0.85906,0.93851,-0.2734,0.21085,-0.13449,-0.96805,-0.21163,-0.28031,0.24202,-0.9289,0.95044,-0.065608,-0.30391,-0.12902,-0.88793,-0.4415,0.60544,0.28208,-0.74423,0.78536,-0.36333,0.5012
-0.18514,-0.96336,-0.19404,0.042779,0.18937,-0.98097,0.98178,-0.18992,0.0061529,-0.14912,-0.87177,-0.46668,0.31156,0.40649,-0.85889,0.93845,-0.27347,0.21099,-0.1341,-0.96805,-0.2119,-0.28047,0.24217,-0.92881,0.95045,-0.065124,-0.30399,-0.12886,-0.88785,-0.44173,0.60546,0.28234,-0.74411,0.78538,-0.36333,0.50117
-0.18509,-0.96332,-0.19432,0.04269,0.18967,-0.98092,0.98179,-0.18986,0.0060167,-0.14908,-0.87166,-0.46689,0.31171,0.40666,-0.85876,0.93841,-0.27356,0.21108,-0.13384,-0.96802,-0.21219,-0.28077,0.24238,-0.92866,0.9504,-0.064718,-0.30423,-0.12879,-0.88775,-0.44195,0.60543,0.28257,-0.74405,0.78541,-0.3634,0.50108
-0.18503,-0.96328,-0.19455,0.042412,0.18996,-0.98088,0.98182,-0.18975,0.0057066,-0.149,-0.87161,-0.46701,0.31179,0.40678,-0.85867,0.9384,-0.27355,0.21114,-0.13354,-0.968,-0.21245,-0.28123,0.24257,-0.92848,0.9503,-0.064244,-0.30463,-0.12868,-0.88768,-0.44213,0.60531,0.28284,-0.74405,0.78552,-0.36336,0.50092
-0.18496,-0.96324,-0.19481,0.042046,0.19029,-0.98083,0.98185,-0.1896,0.0053049,-0.14899,-0.87153,-0.46716,0.3117,0.40695,-0.85862,0.93843,-0.27354,0.21102,-0.13335,-0.96796,-0.21277,-0.28181,0.24286,-0.92822,0.95016,-0.063815,-0.30517,-0.12866,-0.88761,-0.44227,0.60511,0.28306,-0.74413,0.78568,-0.36336,0.50067
-0.18495,-0.96322,-0.19495,0.041725,0.1905,-0.9808,0.98186,-0.18953,0.0049577,-0.14904,-0.8715,-0.46721,0.3116,0.40702,-0.85863,0.93845,-0.27355,0.2109,-0.13328,-0.96792,-0.21299,-0.28238,0.24308,-0.92799,0.95,-0.063544,-0.30572,-0.12872,-0.88759,-0.44229,0.60487,0.28316,-0.74428,0.78586,-0.36333,0.50042
-0.18491,-0.96319,-0.19511,0.04145,0.19072,-0.98077,0.98188,-0.18944,0.0046587,-0.14903,-0.87145,-0.46729,0.31146,0.40715,-0.85862,0.9385,-0.2735,0.21074,-0.13322,-0.96786,-0.21331,-0.2828,0.2434,-0.92778,0.94988,-0.06328,-0.30613,-0.12862,-0.88756,-0.44237,0.60462,0.28339,-0.74439,0.78606,-0.36321,0.50019
-0.18492,-0.96317,-0.19522,0.0412,0.19087,-0.98075,0.98189,-0.18941,0.0043853,-0.14908,-0.87145,-0.46728,0.31131,0.40716,-0.85866,0.93854,-0.27348,0.2106,-0.13324,-0.96782,-0.21349,-0.28319,0.24361,-0.92761,0.94976,-0.063139,-0.30654,-0.12862,-0.88756,-0.44237,0.60435,0.28352,-0.74457,0.78627,-0.36311,0.49993
-0.18503,-0.96313,-0.19528,0.040876,0.191,-0.98074,0.98188,-0.18945,0.004028,-0.14912,-0.87143,-0.4673,0.31118,0.40721,-0.85869,0.93858,-0.27347,0.21045,-0.13333,-0.96775,-0.21375,-0.28347,0.2439,-0.92745,0.94967,-0.063069,-0.30685,-0.12866,-0.88754,-0.4424,0.60412,0.28363,-0.74471,0.78644,-0.36308,0.49969
-0.18504,-0.9631,-0.19546,0.040599,0.19124,-0.9807,0.98189,-0.18941,0.0037142,-0.14913,-0.87134,-0.46746,0.31112,0.40739,-0.85862,0.9386,-0.27348,0.21034,-0.13336,-0.96768,-0.21404,-0.2836,0.2442,-0.92733,0.94962,-0.062964,-0.307,-0.12868,-0.88748,-0.44253,0.60388,0.28384,-0.74483,0.78662,-0.36307,0.4994
-0.18511,-0.96307,-0.19553,0.040339,0.19136,-0.98069,0.98189,-0.18942,0.0034273,-0.14916,-0.87131,-0.46752,0.31102,0.40747,-0.85862,0.93863,-0.27347,0.21021,-0.13343,-0.96764,-0.21418,-0.28375,0.24437,-0.92724,0.94957,-0.062947,-0.30717,-0.12868,-0.88745,-0.44257,0.60364,0.28399,-0.74496,0.7868,-0.36302,0.49916
-0.18511,-0.96306,-0.19558,0.040019,0.19147,-0.98068,0.9819,-0.18936,0.0030976,-0.14919,-0.87129,-0.46755,0.31099,0.4075,-0.85862,0.93863,-0.2735,0.21016,-0.13347,-0.9676,-0.21434,-0.28386,0.24454,-0.92716,0.94953,-0.062908,-0.3073,-0.12867,-0.88746,-0.44256,0.60348,0.28406,-0.74507,0.78693,-0.36294,0.49901
-0.1851,-0.96305,-0.19563,0.039862,0.19155,-0.98067,0.98191,-0.18932,0.0029339,-0.14915,-0.87128,-0.46757,0.31104,0.40751,-0.8586,0.93862,-0.27349,0.21022,-0.13344,-0.96757,-0.2145,-0.28395,0.24469,-0.92709,0.94951,-0.062804,-0.3074,-0.12863,-0.88746,-0.44256,0.60342,0.28411,-0.74509,0.78698,-0.36289,0.49897
-0.18515,-0.96304,-0.19563,0.039703,0.19157,-0.98067,0.98191,-0.18934,0.0027661,-0.14921,-0.87128,-0.46756,0.31112,0.40747,-0.85859,0.93858,-0.27358,0.21027,-0.13347,-0.96753,-0.21464,-0.28407,0.24484,-0.92702,0.94947,-0.062757,-0.30752,-0.12863,-0.88749,-0.44252,0.60334,0.2841,-0.74516,0.78704,-0.36284,0.49891
-0.18518,-0.96303,-0.19567,0.039624,0.19163,-0.98067,0.98191,-0.18935,0.0026728,-0.14922,-0.87124,-0.46763,0.31119,0.40751,-0.85854,0.93856,-0.27363,0.21031,-0.13342,-0.9675,-0.21482,-0.28422,0.245,-0.92693,0.94943,-0.062618,-0.30767,-0.12862,-0.88747,-0.44256,0.60325,0.28419,-0.7452,0.78711,-0.36282,0.49882
-0.18516,-0.96302,-0.1957,0.039518,0.19169,-0.98066,0.98191,-0.18931,0.002564,-0.14926,-0.87123,-0.46763,0.31124,0.4075,-0.85853,0.93854,-0.27369,0.21034,-0.13328,-0.96749,-0.21494,-0.28424,0.24508,-0.9269,0.94944,-0.062442,-0.30766,-0.12863,-0.88744,-0.44262,0.60317,0.28427,-0.74524,0.78718,-0.36283,0.49871
-0.18511,-0.96303,-0.19571,0.039414,0.19172,-0.98066,0.98193,-0.18924,0.0024674,-0.14923,-0.87124,-0.46763,0.31128,0.40749,-0.85852,0.93853,-0.27368,0.21039,-0.13315,-0.96749,-0.21501,-0.28429,0.24511,-0.92688,0.94945,-0.062287,-0.30768,-0.12859,-0.88744,-0.44263,0.60308,0.28434,-0.74528,0.78725,-0.36278,0.49863
-0.18512,-0.96302,-0.19576,0.039216,0.19181,-0.98065,0.98193,-0.18922,0.002258,-0.14926,-0.87122,-0.46765,0.31127,0.40751,-0.85852,0.93853,-0.27371,0.21036,-0.13305,-0.96748,-0.21511,-0.28442,0.24518,-0.92682,0.94942,-0.062128,-0.30779,-0.12864,-0.88742,-0.44266,0.60292,0.28441,-0.74539,0.78736,-0.36277,0.49845
-0.18506,-0.96304,-0.19572,0.039034,0.1918,-0.98066,0.98195,-0.18912,0.0020964,-0.14924,-0.87123,-0.46763,0.31127,0.40749,-0.85852,0.93853,-0.27369,0.21038,-0.13291,-0.96748,-0.21521,-0.28452,0.24524,-0.92677,0.94941,-0.061941,-0.30786,-0.12861,-0.88745,-0.4426,0.60279,0.28444,-0.74548,0.78746,-0.36267,0.49836
-0.1851,-0.96304,-0.19568,0.038928,0.19177,-0.98067,0.98195,-0.18914,0.0019925,-0.14923,-0.87125,-0.4676,0.31133,0.40745,-0.85852,0.93851,-0.2737,0.21044,-0.13285,-0.96748,-0.21526,-0.28465,0.24528,-0.92672,0.94938,-0.06184,-0.30798,-0.12863,-0.88747,-0.44255,0.6027,0.28443,-0.74555,0.78753,-0.36263,0.49829
