-0.10479,-0.95604,-0.27388,-0.15667,0.28783,-0.94478,0.98208,-0.056093,-0.17994,-0.025616,-0.91856,-0.39444,-0.84545,0.23046,-0.48177,0.53344,0.32114,-0.7825,-0.098145,-0.96067,-0.25978,-0.10517,0.26959,-0.95722,0.9896,-0.066626,-0.12749,-0.065194,-0.89935,-0.43234,-0.19072,0.4365,-0.87926,0.97948,0.025132,-0.19998
-0.10489,-0.95603,-0.27386,-0.15686,0.28783,-0.94475,0.98203,-0.056139,-0.18016,-0.025656,-0.91858,-0.39439,-0.84587,0.23021,-0.48116,0.53277,0.32126,-0.78291,-0.098267,-0.96068,-0.25968,-0.10518,0.26951,-0.95724,0.98959,-0.066751,-0.12753,-0.065508,-0.89932,-0.43236,-0.19148,0.43657,-0.87906,0.97931,0.025201,-0.2008
-0.10504,-0.95603,-0.27382,-0.15696,0.28783,-0.94473,0.982,-0.056257,-0.18029,-0.025682,-0.91859,-0.39438,-0.84622,0.23001,-0.48063,0.53221,0.32139,-0.78324,-0.098434,-0.96068,-0.25963,-0.105,0.26947,-0.95727,0.98959,-0.066966,-0.1274,-0.065748,-0.8993,-0.43237,-0.19215,0.43661,-0.87889,0.97916,0.025295,-0.20151
-0.10519,-0.95602,-0.2738,-0.15706,0.28784,-0.94471,0.98197,-0.056376,-0.18043,-0.025581,-0.9186,-0.39436,-0.84665,0.22966,-0.48004,0.53154,0.32161,-0.78361,-0.09855,-0.96069,-0.25955,-0.10491,0.26939,-0.9573,0.98959,-0.067114,-0.12733,-0.065944,-0.89928,-0.43236,-0.19287,0.43662,-0.87873,0.97901,0.025444,-0.20224
-0.10543,-0.95603,-0.27365,-0.15731,0.28775,-0.9447,0.98191,-0.056549,-0.18073,-0.025604,-0.91863,-0.3943,-0.8471,0.22938,-0.47939,0.53082,0.32173,-0.78404,-0.098841,-0.96071,-0.25936,-0.10492,0.26925,-0.95734,0.98956,-0.067413,-0.12741,-0.066239,-0.89931,-0.43227,-0.19366,0.43657,-0.87858,0.97883,0.025515,-0.20307
-0.10559,-0.95603,-0.27361,-0.1577,0.28777,-0.94463,0.98183,-0.056592,-0.18115,-0.02559,-0.91862,-0.39431,-0.84754,0.2291,-0.47873,0.53011,0.32194,-0.78444,-0.099159,-0.96069,-0.2593,-0.105,0.26923,-0.95733,0.98952,-0.067701,-0.12757,-0.066502,-0.89929,-0.43226,-0.19447,0.43659,-0.87839,0.97865,0.025644,-0.20392
-0.1055,-0.95609,-0.27344,-0.15811,0.2876,-0.94461,0.98177,-0.056425,-0.18151,-0.025534,-0.91864,-0.39428,-0.84798,0.22878,-0.47811,0.52941,0.32213,-0.78483,-0.099493,-0.96068,-0.25922,-0.10506,0.26919,-0.95734,0.98948,-0.068014,-0.12772,-0.066721,-0.89927,-0.43228,-0.19526,0.43663,-0.87819,0.97848,0.025813,-0.20473
-0.10558,-0.9561,-0.27335,-0.1586,0.28756,-0.94454,0.98168,-0.05637,-0.18199,-0.025554,-0.91862,-0.39431,-0.84841,0.22855,-0.47746,0.52872,0.32234,-0.78521,-0.099811,-0.96071,-0.25899,-0.10519,0.26902,-0.95737,0.98943,-0.068313,-0.12791,-0.066869,-0.89926,-0.43228,-0.19599,0.43664,-0.87803,0.97832,0.026009,-0.20544
-0.10558,-0.95611,-0.27331,-0.1591,0.28755,-0.94446,0.9816,-0.056229,-0.18248,-0.025568,-0.91861,-0.39434,-0.84882,0.22833,-0.47684,0.52807,0.32253,-0.78557,-0.10006,-0.96074,-0.25877,-0.1054,0.26885,-0.9574,0.98938,-0.068522,-0.12816,-0.06702,-0.89923,-0.43231,-0.19666,0.43669,-0.87785,0.97818,0.026183,-0.20611
-0.10553,-0.95613,-0.27327,-0.15948,0.28752,-0.9444,0.98154,-0.056083,-0.18283,-0.025581,-0.91864,-0.39426,-0.84924,0.22804,-0.47623,0.52739,0.32264,-0.78598,-0.10019,-0.96081,-0.25847,-0.10556,0.26857,-0.95746,0.98935,-0.068638,-0.12833,-0.067183,-0.89921,-0.43232,-0.19736,0.43672,-0.87768,0.97803,0.026361,-0.20681
-0.10565,-0.95616,-0.27312,-0.15983,0.28741,-0.94438,0.98147,-0.056115,-0.18319,-0.025708,-0.91868,-0.39418,-0.84969,0.22781,-0.47552,0.52665,0.3227,-0.78645,-0.10026,-0.96089,-0.25814,-0.1057,0.26827,-0.95753,0.98933,-0.068712,-0.12846,-0.067481,-0.8992,-0.43231,-0.19817,0.43674,-0.87749,0.97784,0.026455,-0.20766
-0.10567,-0.95619,-0.27302,-0.16007,0.28733,-0.94436,0.98143,-0.056091,-0.18342,-0.025857,-0.9187,-0.3941,-0.85015,0.22761,-0.47481,0.52591,0.32276,-0.78692,-0.10027,-0.96093,-0.25799,-0.10577,0.26812,-0.95756,0.98932,-0.068727,-0.12852,-0.067854,-0.89919,-0.43226,-0.19897,0.43675,-0.8773,0.97765,0.02648,-0.20855
-0.10573,-0.95619,-0.27299,-0.16025,0.28732,-0.94433,0.9814,-0.056094,-0.18361,-0.025964,-0.91876,-0.39396,-0.85061,0.22733,-0.47411,0.52515,0.3228,-0.78741,-0.10016,-0.96098,-0.25785,-0.10575,0.26796,-0.95761,0.98934,-0.068647,-0.12846,-0.068191,-0.89921,-0.43218,-0.19978,0.43672,-0.87713,0.97746,0.02653,-0.20943
-0.10579,-0.95619,-0.27295,-0.1605,0.28731,-0.94429,0.98135,-0.056087,-0.18387,-0.026087,-0.91881,-0.39385,-0.85108,0.22708,-0.47339,0.52439,0.32285,-0.7879,-0.10002,-0.961,-0.25782,-0.10572,0.26792,-0.95762,0.98935,-0.068529,-0.12839,-0.068508,-0.89919,-0.43215,-0.20058,0.43674,-0.87694,0.97728,0.026603,-0.21028
-0.10581,-0.9562,-0.27292,-0.16073,0.2873,-0.94426,0.98131,-0.056043,-0.18409,-0.026211,-0.91885,-0.39373,-0.85153,0.22684,-0.47269,0.52365,0.32289,-0.78838,-0.099872,-0.96103,-0.25776,-0.1057,0.26783,-0.95765,0.98937,-0.068398,-0.12833,-0.068834,-0.89921,-0.43206,-0.20138,0.4367,-0.87678,0.97709,0.026657,-0.21114
-0.10593,-0.95619,-0.27293,-0.16099,0.28734,-0.9442,0.98125,-0.056082,-0.18437,-0.026382,-0.9189,-0.3936,-0.85204,0.22659,-0.4719,0.52282,0.32291,-0.78892,-0.099755,-0.96106,-0.2577,-0.10579,0.26777,-0.95766,0.98937,-0.068269,-0.12838,-0.069201,-0.89919,-0.43206,-0.20223,0.43675,-0.87656,0.97689,0.026716,-0.21206
-0.10604,-0.95619,-0.27288,-0.16128,0.28733,-0.94416,0.9812,-0.05611,-0.18468,-0.026524,-0.91895,-0.39348,-0.85252,0.22634,-0.47115,0.52202,0.32295,-0.78943,-0.099678,-0.96109,-0.25761,-0.10588,0.26767,-0.95767,0.98937,-0.068183,-0.12845,-0.069563,-0.89918,-0.43202,-0.20305,0.43677,-0.87636,0.97669,0.026762,-0.21296
-0.10608,-0.95618,-0.27289,-0.16155,0.28736,-0.9441,0.98115,-0.056067,-0.18495,-0.026708,-0.91896,-0.39344,-0.853,0.22617,-0.47037,0.52123,0.32304,-0.78991,-0.099609,-0.96112,-0.25755,-0.10602,0.26762,-0.95767,0.98936,-0.068087,-0.12856,-0.069882,-0.89914,-0.43206,-0.2039,0.43685,-0.87612,0.9765,0.026869,-0.21386
-0.10621,-0.95618,-0.27283,-0.16183,0.28735,-0.94406,0.98109,-0.056119,-0.18526,-0.026906,-0.919,-0.39335,-0.85348,0.22598,-0.46959,0.52044,0.32308,-0.79042,-0.099525,-0.96116,-0.25741,-0.10619,0.26748,-0.9577,0.98935,-0.067981,-0.12868,-0.070212,-0.89913,-0.43201,-0.20474,0.43684,-0.87593,0.97629,0.026948,-0.21476
-0.10634,-0.95617,-0.27281,-0.16218,0.28737,-0.94399,0.98101,-0.05614,-0.18564,-0.027039,-0.91903,-0.39326,-0.85394,0.22575,-0.46885,0.51967,0.32315,-0.7909,-0.099465,-0.96119,-0.25733,-0.10632,0.2674,-0.9577,0.98935,-0.0679,-0.12879,-0.070543,-0.89913,-0.43197,-0.20555,0.43685,-0.87573,0.9761,0.027016,-0.21564
-0.10642,-0.95616,-0.27284,-0.1626,0.28744,-0.9439,0.98094,-0.056086,-0.18606,-0.027197,-0.91905,-0.3932,-0.8544,0.22555,-0.46811,0.5189,0.32322,-0.79137,-0.099419,-0.96119,-0.25734,-0.10646,0.26741,-0.95768,0.98933,-0.067816,-0.12891,-0.070846,-0.89912,-0.43193,-0.20639,0.43686,-0.87553,0.9759,0.02712,-0.21652
-0.10639,-0.95614,-0.2729,-0.16302,0.28752,-0.9438,0.98087,-0.055926,-0.18646,-0.027322,-0.91909,-0.3931,-0.85487,0.22531,-0.46737,0.51812,0.32328,-0.79186,-0.099405,-0.96117,-0.25742,-0.10658,0.26749,-0.95765,0.98932,-0.067758,-0.12904,-0.071179,-0.89911,-0.4319,-0.20727,0.43688,-0.87531,0.97569,0.027215,-0.21745
-0.10635,-0.95613,-0.27295,-0.16351,0.28759,-0.94369,0.98079,-0.055733,-0.18692,-0.02749,-0.91912,-0.39303,-0.85536,0.2251,-0.46658,0.51731,0.32335,-0.79236,-0.099311,-0.96115,-0.25755,-0.10672,0.26763,-0.95759,0.98932,-0.067614,-0.12915,-0.071531,-0.89911,-0.43184,-0.20814,0.43687,-0.87511,0.97548,0.027288,-0.21839
-0.10632,-0.95608,-0.27314,-0.16398,0.28779,-0.94355,0.98072,-0.055531,-0.18738,-0.027654,-0.91916,-0.3929,-0.85584,0.22486,-0.46581,0.51651,0.32338,-0.79287,-0.099205,-0.96111,-0.25772,-0.10683,0.26779,-0.95754,0.98932,-0.06746,-0.12924,-0.071944,-0.89909,-0.43182,-0.20898,0.43692,-0.87489,0.97527,0.027297,-0.21932
-0.1063,-0.95604,-0.2733,-0.16438,0.28797,-0.94343,0.98065,-0.055356,-0.18776,-0.027803,-0.91922,-0.39275,-0.85631,0.22461,-0.46507,0.51572,0.32339,-0.79338,-0.099051,-0.96108,-0.25789,-0.10696,0.26794,-0.95748,0.98932,-0.067255,-0.12934,-0.072285,-0.89904,-0.43185,-0.20986,0.437,-0.87464,0.97506,0.027406,-0.22026
-0.10626,-0.956,-0.27346,-0.16483,0.28815,-0.94329,0.98058,-0.055162,-0.1882,-0.028007,-0.91927,-0.39263,-0.85679,0.2244,-0.46427,0.5149,0.3234,-0.79391,-0.098867,-0.96107,-0.25802,-0.10713,0.26807,-0.95743,0.98932,-0.067016,-0.12946,-0.072632,-0.899,-0.43188,-0.21082,0.43708,-0.87437,0.97482,0.02754,-0.22127
-0.10626,-0.95596,-0.27358,-0.1653,0.28829,-0.94317,0.9805,-0.054994,-0.18866,-0.028195,-0.91934,-0.39244,-0.85729,0.22414,-0.46349,0.51406,0.32337,-0.79446,-0.098609,-0.96107,-0.25813,-0.10725,0.26815,-0.95739,0.98933,-0.066722,-0.12952,-0.072979,-0.89899,-0.43185,-0.21168,0.4371,-0.87415,0.97461,0.027618,-0.22219
-0.1063,-0.95592,-0.2737,-0.16567,0.28844,-0.94306,0.98044,-0.054907,-0.18903,-0.02839,-0.91943,-0.39223,-0.85776,0.22389,-0.46273,0.51327,0.32331,-0.795,-0.098379,-0.96106,-0.25822,-0.10735,0.26822,-0.95736,0.98934,-0.066464,-0.12956,-0.073323,-0.89898,-0.43181,-0.21246,0.43712,-0.87395,0.97441,0.027664,-0.22305
-0.10632,-0.95588,-0.27383,-0.166,0.28859,-0.94295,0.98038,-0.054805,-0.18936,-0.0286,-0.91947,-0.39212,-0.8582,0.22372,-0.462,0.51252,0.32331,-0.79549,-0.098188,-0.96106,-0.25832,-0.10748,0.26829,-0.95732,0.98935,-0.066233,-0.12964,-0.073668,-0.89895,-0.4318,-0.21317,0.43717,-0.87375,0.97423,0.027682,-0.22384
-0.1064,-0.95584,-0.27397,-0.16628,0.28876,-0.94285,0.98032,-0.054762,-0.18966,-0.028782,-0.9195,-0.39202,-0.85864,0.22353,-0.46127,0.51177,0.32333,-0.79596,-0.097896,-0.96106,-0.25843,-0.10754,0.26837,-0.95729,0.98937,-0.065925,-0.12962,-0.073986,-0.89895,-0.43177,-0.21392,0.43718,-0.87356,0.97405,0.027731,-0.22464
-0.10643,-0.95579,-0.27411,-0.1666,0.28892,-0.94275,0.98026,-0.054667,-0.18999,-0.028879,-0.91954,-0.39193,-0.85904,0.22331,-0.46064,0.5111,0.32338,-0.79637,-0.09767,-0.96103,-0.25862,-0.10753,0.26853,-0.95725,0.98939,-0.065686,-0.12956,-0.07425,-0.8989,-0.43182,-0.21461,0.43727,-0.87335,0.97387,0.027827,-0.22538
-0.10655,-0.95573,-0.27428,-0.16686,0.28912,-0.94264,0.98021,-0.054668,-0.19028,-0.029076,-0.91955,-0.39189,-0.85941,0.22321,-0.45999,0.51046,0.32342,-0.79676,-0.097521,-0.961,-0.25879,-0.1075,0.26868,-0.95721,0.98941,-0.06553,-0.12951,-0.074598,-0.89886,-0.43184,-0.21524,0.43735,-0.87315,0.97371,0.027815,-0.2261
-0.10665,-0.95568,-0.2744,-0.16711,0.28927,-0.94255,0.98015,-0.054669,-0.19055,-0.02921,-0.91959,-0.39179,-0.8598,0.22302,-0.45936,0.5098,0.32344,-0.79718,-0.097411,-0.96097,-0.25895,-0.10742,0.26882,-0.95718,0.98943,-0.065424,-0.12941,-0.074938,-0.89881,-0.4319,-0.21588,0.43746,-0.87294,0.97354,0.027822,-0.22682
-0.1067,-0.95564,-0.27452,-0.16732,0.28941,-0.94247,0.98011,-0.054626,-0.19077,-0.029272,-0.91964,-0.39168,-0.86021,0.22275,-0.45871,0.5091,0.3235,-0.7976,-0.097249,-0.96094,-0.25913,-0.10734,0.26897,-0.95715,0.98945,-0.065267,-0.12931,-0.075238,-0.8988,-0.43186,-0.21653,0.43748,-0.87277,0.97337,0.027846,-0.22753
-0.10675,-0.95563,-0.27455,-0.16759,0.28947,-0.9424,0.98006,-0.054594,-0.19105,-0.029322,-0.91973,-0.39146,-0.86061,0.22243,-0.45812,0.50842,0.32346,-0.79805,-0.097129,-0.9609,-0.25929,-0.10729,0.26911,-0.95712,0.98947,-0.065146,-0.12923,-0.075543,-0.89883,-0.43175,-0.21724,0.43742,-0.87262,0.97319,0.02787,-0.2283
-0.10681,-0.9556,-0.27462,-0.16786,0.28957,-0.94232,0.98001,-0.054555,-0.19134,-0.029366,-0.91981,-0.39127,-0.86103,0.2221,-0.45749,0.5077,0.32346,-0.79851,-0.096968,-0.96085,-0.25953,-0.10729,0.26933,-0.95705,0.98949,-0.064959,-0.1292,-0.075838,-0.89883,-0.43168,-0.218,0.4374,-0.87244,0.973,0.027944,-0.22912
-0.10681,-0.95558,-0.27468,-0.16817,0.28965,-0.94224,0.97995,-0.054452,-0.19164,-0.029476,-0.91988,-0.3911,-0.86145,0.22183,-0.45682,0.50698,0.32345,-0.79897,-0.096888,-0.96082,-0.25968,-0.10742,0.26948,-0.957,0.98948,-0.064825,-0.12932,-0.076137,-0.89883,-0.43163,-0.21876,0.4374,-0.87225,0.9728,0.028012,-0.22993
-0.10688,-0.95557,-0.27471,-0.16855,0.28971,-0.94216,0.97988,-0.054401,-0.19202,-0.029616,-0.92,-0.3908,-0.86186,0.22153,-0.4562,0.50628,0.3233,-0.79947,-0.096851,-0.96082,-0.25969,-0.10751,0.26949,-0.95698,0.98947,-0.064764,-0.1294,-0.076518,-0.89885,-0.43152,-0.21946,0.43736,-0.8721,0.97262,0.027969,-0.23073
-0.10683,-0.95559,-0.27465,-0.1688,0.28965,-0.94213,0.97984,-0.05429,-0.19225,-0.029722,-0.92012,-0.3905,-0.86224,0.22122,-0.45563,0.50562,0.32317,-0.79994,-0.096787,-0.96085,-0.25962,-0.1075,0.26941,-0.95701,0.98948,-0.064716,-0.12937,-0.076862,-0.89888,-0.4314,-0.22015,0.4373,-0.87195,0.97243,0.027954,-0.2315
-0.10684,-0.95561,-0.27456,-0.16904,0.28958,-0.94211,0.9798,-0.054246,-0.19248,-0.029951,-0.92022,-0.39025,-0.86262,0.22103,-0.455,0.50496,0.32301,-0.80043,-0.096715,-0.96087,-0.25956,-0.1075,0.26934,-0.95703,0.98949,-0.064656,-0.12934,-0.077226,-0.89891,-0.43127,-0.22083,0.43724,-0.87181,0.97225,0.02791,-0.23227
-0.10687,-0.95559,-0.27464,-0.16922,0.28967,-0.94205,0.97977,-0.054205,-0.19267,-0.030191,-0.92027,-0.39011,-0.86298,0.22092,-0.45437,0.50433,0.32294,-0.80085,-0.096752,-0.96085,-0.25963,-0.10745,0.26941,-0.95701,0.98949,-0.064697,-0.12931,-0.077595,-0.89887,-0.4313,-0.22134,0.43734,-0.87163,0.9721,0.027831,-0.23289
-0.10699,-0.95558,-0.27464,-0.16938,0.2897,-0.94201,0.97973,-0.054267,-0.19285,-0.030377,-0.92034,-0.38995,-0.86334,0.22076,-0.45377,0.5037,0.32288,-0.80127,-0.096704,-0.96084,-0.25969,-0.10738,0.26946,-0.95701,0.9895,-0.064661,-0.12923,-0.077909,-0.89884,-0.43129,-0.2219,0.43739,-0.87147,0.97195,0.027806,-0.23353
-0.10711,-0.95556,-0.27465,-0.16944,0.28974,-0.94199,0.9797,-0.054364,-0.19295,-0.030539,-0.92039,-0.3898,-0.86366,0.22061,-0.45323,0.50315,0.32281,-0.80164,-0.096629,-0.96081,-0.25981,-0.10717,0.26956,-0.957,0.98953,-0.064629,-0.12902,-0.078127,-0.89884,-0.43126,-0.2224,0.43739,-0.87134,0.97182,0.027838,-0.23408
-0.10729,-0.95553,-0.27469,-0.16946,0.28982,-0.94196,0.97968,-0.054512,-0.19302,-0.030623,-0.92048,-0.38958,-0.86392,0.2204,-0.45284,0.5027,0.3227,-0.80197,-0.096613,-0.96077,-0.25996,-0.10692,0.26969,-0.95699,0.98956,-0.064664,-0.12878,-0.07834,-0.89884,-0.43122,-0.22282,0.43739,-0.87123,0.97171,0.027833,-0.23455
-0.10746,-0.95546,-0.27486,-0.16949,0.29002,-0.94189,0.97966,-0.054631,-0.19311,-0.030709,-0.92054,-0.38944,-0.8642,0.22022,-0.4524,0.50221,0.32266,-0.80229,-0.096656,-0.9607,-0.26023,-0.10672,0.26995,-0.95694,0.98958,-0.064721,-0.12862,-0.078471,-0.89883,-0.43122,-0.22334,0.43741,-0.87108,0.97158,0.027957,-0.23507
-0.10769,-0.9554,-0.27496,-0.16957,0.29017,-0.94183,0.97962,-0.054806,-0.19325,-0.03075,-0.92058,-0.38934,-0.86451,0.22,-0.45191,0.50168,0.32269,-0.80261,-0.096707,-0.96061,-0.26052,-0.1066,0.27024,-0.95687,0.98959,-0.064765,-0.12853,-0.078709,-0.89882,-0.4312,-0.22385,0.43743,-0.87095,0.97144,0.027973,-0.23563
-0.10799,-0.95535,-0.27505,-0.1696,0.29031,-0.94178,0.97958,-0.055055,-0.19337,-0.030822,-0.92063,-0.38921,-0.86486,0.21977,-0.45136,0.50107,0.3227,-0.80299,-0.096796,-0.96052,-0.26083,-0.10645,0.27055,-0.9568,0.9896,-0.064849,-0.12844,-0.078914,-0.89884,-0.43111,-0.22441,0.43737,-0.87083,0.97129,0.028025,-0.23623
-0.10832,-0.9553,-0.27509,-0.16966,0.29042,-0.94174,0.97953,-0.055332,-0.19354,-0.030896,-0.92071,-0.38902,-0.86521,0.21951,-0.45082,0.50047,0.32265,-0.80339,-0.096884,-0.96044,-0.26109,-0.10634,0.27081,-0.95674,0.9896,-0.064928,-0.12837,-0.079179,-0.89886,-0.43102,-0.22502,0.43734,-0.87069,0.97113,0.028047,-0.23689
-0.1085,-0.95524,-0.27521,-0.16983,0.29058,-0.94166,0.97948,-0.055431,-0.19375,-0.03096,-0.92077,-0.38888,-0.86557,0.21926,-0.45024,0.49984,0.32266,-0.80377,-0.097005,-0.96033,-0.26144,-0.10625,0.27117,-0.95665,0.9896,-0.065023,-0.12834,-0.079478,-0.89885,-0.43099,-0.22565,0.43736,-0.87052,0.97096,0.028065,-0.23758
-0.10871,-0.95522,-0.27521,-0.17006,0.29064,-0.9416,0.97942,-0.055554,-0.19404,-0.031052,-0.92084,-0.3887,-0.86596,0.21899,-0.44961,0.49914,0.32264,-0.80422,-0.097192,-0.96025,-0.26166,-0.10631,0.27141,-0.95657,0.98957,-0.065155,-0.12846,-0.079793,-0.89886,-0.43091,-0.22629,0.43734,-0.87036,0.97079,0.028063,-0.2383
-0.10884,-0.95521,-0.27519,-0.17037,0.29066,-0.94153,0.97935,-0.055591,-0.19438,-0.03117,-0.92092,-0.38851,-0.86638,0.21872,-0.44894,0.49841,0.3226,-0.80468,-0.097374,-0.9602,-0.26181,-0.10646,0.2716,-0.95651,0.98954,-0.065267,-0.12867,-0.080157,-0.89888,-0.4308,-0.22695,0.4373,-0.87021,0.9706,0.028017,-0.23905
-0.10901,-0.95519,-0.27519,-0.17074,0.29072,-0.94145,0.97927,-0.055644,-0.19478,-0.031254,-0.92099,-0.38832,-0.86677,0.21844,-0.44832,0.49773,0.32257,-0.80511,-0.097513,-0.96015,-0.26193,-0.10655,0.27174,-0.95645,0.98951,-0.065358,-0.1288,-0.080433,-0.89889,-0.43073,-0.22759,0.43727,-0.87005,0.97043,0.028047,-0.23975
-0.10922,-0.95521,-0.27502,-0.17102,0.29061,-0.94143,0.97919,-0.055788,-0.1951,-0.031345,-0.92111,-0.38805,-0.8671,0.21816,-0.44782,0.49715,0.32244,-0.80553,-0.097649,-0.96014,-0.2619,-0.10662,0.27173,-0.95645,0.98949,-0.065472,-0.1289,-0.080667,-0.89894,-0.43058,-0.2281,0.43717,-0.86997,0.97029,0.028038,-0.24032
-0.10934,-0.9552,-0.27501,-0.17125,0.29063,-0.94139,0.97914,-0.05584,-0.19536,-0.031375,-0.92121,-0.38781,-0.86741,0.21787,-0.44736,0.4966,0.32236,-0.8059,-0.097751,-0.96013,-0.2619,-0.10657,0.27175,-0.95645,0.98949,-0.065584,-0.12888,-0.08085,-0.89895,-0.43053,-0.22864,0.43715,-0.86984,0.97015,0.02811,-0.24088
-0.10944,-0.95521,-0.27494,-0.17145,0.29059,-0.94136,0.9791,-0.055881,-0.19557,-0.031405,-0.92132,-0.38754,-0.86774,0.21755,-0.44688,0.49603,0.32225,-0.80629,-0.097818,-0.96013,-0.26187,-0.10642,0.27171,-0.95648,0.9895,-0.065694,-0.12875,-0.081074,-0.89899,-0.4304,-0.22921,0.43707,-0.86973,0.96999,0.028141,-0.24149
-0.10955,-0.95521,-0.27492,-0.17169,0.29061,-0.94131,0.97904,-0.055919,-0.19584,-0.031469,-0.92141,-0.38732,-0.86808,0.21727,-0.44634,0.49542,0.32218,-0.8067,-0.097856,-0.96011,-0.26194,-0.10638,0.27179,-0.95646,0.9895,-0.065729,-0.12874,-0.08129,-0.89902,-0.43029,-0.22971,0.437,-0.86964,0.96986,0.028149,-0.24204
-0.1097,-0.95522,-0.27481,-0.17203,0.29055,-0.94127,0.97896,-0.055985,-0.1962,-0.031491,-0.92152,-0.38705,-0.86846,0.21691,-0.44578,0.49475,0.3221,-0.80714,-0.09796,-0.9601,-0.26195,-0.10649,0.27181,-0.95644,0.98948,-0.065798,-0.12886,-0.08156,-0.89908,-0.43013,-0.23034,0.43689,-0.86952,0.96969,0.028158,-0.24273
-0.1099,-0.95521,-0.27477,-0.17236,0.29057,-0.9412,0.97888,-0.056082,-0.19657,-0.031496,-0.92164,-0.38677,-0.86878,0.21657,-0.44532,0.49419,0.32199,-0.80753,-0.097942,-0.96007,-0.26206,-0.10653,0.27192,-0.9564,0.98947,-0.065756,-0.12891,-0.081739,-0.89914,-0.42995,-0.23091,0.43674,-0.86945,0.96954,0.028214,-0.24332
-0.11005,-0.95523,-0.27465,-0.17271,0.2905,-0.94116,0.97881,-0.056137,-0.19694,-0.031519,-0.92175,-0.3865,-0.86916,0.21621,-0.44476,0.49353,0.32191,-0.80796,-0.097955,-0.96007,-0.26207,-0.10657,0.27194,-0.9564,0.98947,-0.065755,-0.12895,-0.081955,-0.89923,-0.42974,-0.23154,0.43657,-0.86936,0.96937,0.028255,-0.24399
-0.11019,-0.95523,-0.27458,-0.17304,0.29048,-0.94111,0.97873,-0.056188,-0.1973,-0.031545,-0.92184,-0.38628,-0.86954,0.21588,-0.44418,0.49286,0.32187,-0.80839,-0.097975,-0.96006,-0.2621,-0.10657,0.27197,-0.95639,0.98947,-0.065771,-0.12896,-0.082154,-0.89925,-0.42965,-0.23217,0.43652,-0.86922,0.9692,0.028344,-0.24464
-0.1103,-0.95521,-0.2746,-0.17323,0.29054,-0.94105,0.97869,-0.056224,-0.19752,-0.031538,-0.92192,-0.3861,-0.86992,0.21554,-0.44361,0.49219,0.32189,-0.80879,-0.09798,-0.96004,-0.26216,-0.10658,0.27204,-0.95637,0.98946,-0.065764,-0.12897,-0.08241,-0.89925,-0.42959,-0.23275,0.43651,-0.86907,0.96904,0.028368,-0.24527
-0.11041,-0.95523,-0.27448,-0.17341,0.29045,-0.94105,0.97864,-0.056303,-0.19772,-0.031604,-0.92202,-0.38585,-0.87029,0.21523,-0.44302,0.49152,0.3218,-0.80923,-0.098012,-0.96004,-0.26213,-0.10654,0.27201,-0.95638,0.98947,-0.065809,-0.12894,-0.082665,-0.89931,-0.42943,-0.23333,0.43639,-0.86898,0.96888,0.028366,-0.24591
-0.11046,-0.95522,-0.27451,-0.17355,0.2905,-0.94101,0.97861,-0.056304,-0.19787,-0.031648,-0.92208,-0.38571,-0.87066,0.21495,-0.44243,0.49086,0.32182,-0.80962,-0.098085,-0.96002,-0.26217,-0.10648,0.27205,-0.95637,0.98946,-0.06589,-0.12891,-0.08293,-0.89928,-0.42944,-0.23391,0.43645,-0.86879,0.96871,0.028401,-0.24655
-0.11064,-0.95518,-0.27459,-0.17374,0.29062,-0.94093,0.97856,-0.0564,-0.19811,-0.031818,-0.92209,-0.38568,-0.87107,0.2148,-0.44169,0.49012,0.3219,-0.81004,-0.098197,-0.95999,-0.26224,-0.10651,0.27214,-0.95635,0.98945,-0.06598,-0.12897,-0.083254,-0.89923,-0.42949,-0.23457,0.43656,-0.86856,0.96853,0.028436,-0.24728
-0.11083,-0.95513,-0.27466,-0.17409,0.29075,-0.94083,0.97847,-0.056462,-0.1985,-0.031989,-0.92208,-0.38567,-0.87151,0.21464,-0.4409,0.48932,0.32201,-0.81047,-0.098231,-0.95996,-0.26237,-0.10664,0.27228,-0.95629,0.98943,-0.065959,-0.12911,-0.083519,-0.89917,-0.42956,-0.23531,0.43668,-0.8683,0.96832,0.028563,-0.24806
-0.11101,-0.95511,-0.27468,-0.17446,0.29083,-0.94074,0.97839,-0.056512,-0.19891,-0.032095,-0.9221,-0.38561,-0.87197,0.2144,-0.44011,0.4885,0.32212,-0.81093,-0.098245,-0.95991,-0.26251,-0.10678,0.27243,-0.95623,0.98942,-0.065913,-0.12927,-0.083812,-0.89911,-0.42961,-0.23603,0.43677,-0.86805,0.96812,0.02865,-0.24883
-0.1112,-0.95508,-0.2747,-0.17477,0.2909,-0.94065,0.97831,-0.056588,-0.19927,-0.032169,-0.92211,-0.38559,-0.87236,0.21419,-0.43944,0.4878,0.32224,-0.8113,-0.098209,-0.95987,-0.26267,-0.1068,0.27259,-0.95618,0.98942,-0.065851,-0.12929,-0.083937,-0.89911,-0.42959,-0.23672,0.43676,-0.86787,0.96795,0.028846,-0.2495
-0.11135,-0.95504,-0.27478,-0.17514,0.29103,-0.94054,0.97823,-0.056599,-0.19967,-0.032214,-0.92213,-0.38555,-0.87273,0.21396,-0.43881,0.48713,0.32234,-0.81166,-0.098126,-0.95982,-0.26288,-0.10677,0.27279,-0.95613,0.98943,-0.065752,-0.12925,-0.084052,-0.8991,-0.4296,-0.23736,0.43678,-0.86769,0.96778,0.02904,-0.25012
-0.11149,-0.95499,-0.27488,-0.17551,0.29118,-0.94043,0.97814,-0.056607,-0.20008,-0.032278,-0.92214,-0.38552,-0.87309,0.21376,-0.4382,0.48649,0.32245,-0.81201,-0.09811,-0.95975,-0.26317,-0.10672,0.27307,-0.95606,0.98944,-0.065714,-0.12921,-0.084276,-0.89909,-0.42957,-0.23797,0.43679,-0.86751,0.96761,0.029116,-0.25077
-0.1117,-0.95495,-0.27495,-0.17589,0.29131,-0.94032,0.97805,-0.056674,-0.2005,-0.032432,-0.92217,-0.38543,-0.87346,0.2136,-0.43755,0.48582,0.32247,-0.8124,-0.098175,-0.95968,-0.26341,-0.1067,0.27331,-0.95599,0.98943,-0.065747,-0.12923,-0.084531,-0.8991,-0.42951,-0.23859,0.43677,-0.86736,0.96744,0.029156,-0.25143
-0.11187,-0.95492,-0.27499,-0.17623,0.2914,-0.94023,0.97797,-0.056716,-0.20089,-0.032549,-0.92218,-0.38538,-0.87383,0.21342,-0.43689,0.48514,0.32254,-0.81278,-0.098166,-0.95962,-0.26362,-0.10674,0.27352,-0.95593,0.98943,-0.065703,-0.12928,-0.084757,-0.89907,-0.42952,-0.23929,0.43682,-0.86714,0.96724,0.029285,-0.25216
-0.11191,-0.95488,-0.27508,-0.17662,0.29153,-0.94012,0.9779,-0.056627,-0.20128,-0.032673,-0.92221,-0.38531,-0.87424,0.21321,-0.43616,0.48439,0.3226,-0.8132,-0.098101,-0.95959,-0.26377,-0.1068,0.27367,-0.95588,0.98943,-0.065601,-0.12933,-0.084984,-0.89906,-0.4295,-0.24004,0.43683,-0.86693,0.96704,0.029419,-0.25293
-0.11191,-0.95487,-0.27514,-0.17689,0.2916,-0.94004,0.97785,-0.056527,-0.20154,-0.032794,-0.92225,-0.3852,-0.87462,0.21301,-0.43552,0.48371,0.32262,-0.8136,-0.09805,-0.95959,-0.26378,-0.10681,0.27367,-0.95588,0.98943,-0.065551,-0.12932,-0.085242,-0.89907,-0.42943,-0.24071,0.43682,-0.86675,0.96685,0.029484,-0.25365
-0.112,-0.95485,-0.27518,-0.17705,0.29167,-0.93999,0.97781,-0.056555,-0.20172,-0.032963,-0.92228,-0.38512,-0.87497,0.21287,-0.43488,0.48306,0.32264,-0.81398,-0.097999,-0.95957,-0.26384,-0.10672,0.27372,-0.95587,0.98945,-0.065517,-0.12923,-0.085539,-0.89905,-0.42942,-0.24133,0.43686,-0.86655,0.96667,0.029506,-0.25433
-0.11206,-0.95485,-0.27513,-0.17726,0.29165,-0.93996,0.97776,-0.056558,-0.20193,-0.033126,-0.9223,-0.38506,-0.87532,0.21273,-0.43424,0.48241,0.32266,-0.81435,-0.097906,-0.95959,-0.26384,-0.10665,0.2737,-0.95588,0.98946,-0.065449,-0.12914,-0.085855,-0.89902,-0.42941,-0.24188,0.43691,-0.86637,0.9665,0.029484,-0.25497
-0.1121,-0.95484,-0.27515,-0.17741,0.29168,-0.93992,0.97773,-0.056546,-0.2021,-0.033236,-0.92233,-0.38497,-0.87567,0.21255,-0.43363,0.48177,0.32269,-0.81472,-0.097742,-0.95959,-0.26387,-0.10656,0.2737,-0.95589,0.98949,-0.065313,-0.12901,-0.086165,-0.89902,-0.42935,-0.24241,0.43692,-0.86622,0.96634,0.029439,-0.25557
-0.11215,-0.95482,-0.27521,-0.17763,0.29175,-0.93985,0.97769,-0.056515,-0.20233,-0.033366,-0.92234,-0.38493,-0.87601,0.21239,-0.433,0.48113,0.32275,-0.81507,-0.097605,-0.9596,-0.26391,-0.10652,0.27373,-0.95589,0.98951,-0.065187,-0.12894,-0.086452,-0.89898,-0.42937,-0.24298,0.43699,-0.86602,0.96617,0.029459,-0.25622
-0.11217,-0.95479,-0.27531,-0.17799,0.29188,-0.93975,0.97762,-0.05641,-0.20268,-0.033513,-0.92236,-0.38488,-0.87637,0.21225,-0.43234,0.48046,0.32281,-0.81544,-0.097423,-0.95958,-0.26403,-0.10649,0.27382,-0.95587,0.98953,-0.065008,-0.12886,-0.08671,-0.89895,-0.42938,-0.24363,0.43705,-0.86581,0.96598,0.029537,-0.25691
-0.11217,-0.95476,-0.27541,-0.17834,0.292,-0.93964,0.97755,-0.056277,-0.20303,-0.033638,-0.92234,-0.3849,-0.87673,0.21212,-0.43168,0.4798,0.32294,-0.81579,-0.097247,-0.95955,-0.2642,-0.10649,0.27396,-0.95583,0.98955,-0.064816,-0.12883,-0.086962,-0.89889,-0.42946,-0.24425,0.43717,-0.86558,0.9658,0.029625,-0.25757
-0.11217,-0.95471,-0.27559,-0.17864,0.29219,-0.93953,0.9775,-0.056155,-0.20332,-0.033772,-0.92234,-0.3849,-0.87705,0.21201,-0.43109,0.47921,0.32302,-0.8161,-0.097029,-0.95952,-0.26441,-0.10646,0.27415,-0.95578,0.98957,-0.064587,-0.12875,-0.087114,-0.89884,-0.42953,-0.24478,0.43727,-0.86538,0.96566,0.029755,-0.25811
-0.11224,-0.95466,-0.27573,-0.17907,0.29237,-0.93939,0.97741,-0.05606,-0.20376,-0.033943,-0.92234,-0.38488,-0.8774,0.2119,-0.43042,0.47856,0.32309,-0.81646,-0.096887,-0.95947,-0.26464,-0.10646,0.27435,-0.95572,0.98959,-0.064423,-0.12873,-0.087329,-0.89878,-0.42962,-0.24536,0.43738,-0.86515,0.96549,0.029859,-0.25872
-0.11228,-0.95461,-0.27589,-0.17946,0.29256,-0.93926,0.97734,-0.055953,-0.20416,-0.034092,-0.92233,-0.38489,-0.8778,0.21175,-0.42968,0.47781,0.32321,-0.81685,-0.096755,-0.95942,-0.26487,-0.10645,0.27457,-0.95566,0.9896,-0.06427,-0.12869,-0.087647,-0.89869,-0.42974,-0.24596,0.43757,-0.86489,0.96531,0.029895,-0.25939
-0.11231,-0.95456,-0.27604,-0.17977,0.29273,-0.93914,0.97728,-0.055849,-0.20448,-0.034262,-0.92232,-0.38491,-0.87821,0.21162,-0.42892,0.47705,0.32334,-0.81724,-0.096633,-0.95936,-0.26514,-0.10642,0.27482,-0.95559,0.98961,-0.064125,-0.12865,-0.087953,-0.89863,-0.4298,-0.24658,0.43769,-0.86466,0.96512,0.029931,-0.26008
-0.11238,-0.9545,-0.27622,-0.18007,0.29295,-0.93902,0.97721,-0.055792,-0.2048,-0.034331,-0.9223,-0.38494,-0.87857,0.21144,-0.42826,0.47638,0.32349,-0.81757,-0.096484,-0.95931,-0.26536,-0.10643,0.27502,-0.95553,0.98963,-0.063951,-0.12864,-0.088196,-0.89855,-0.42992,-0.24719,0.43784,-0.8644,0.96495,0.030035,-0.26073
-0.11244,-0.95443,-0.27643,-0.18036,0.29317,-0.93889,0.97715,-0.055715,-0.2051,-0.034474,-0.92228,-0.38497,-0.87898,0.2113,-0.4275,0.47562,0.32364,-0.81795,-0.096319,-0.95926,-0.26562,-0.10645,0.27525,-0.95546,0.98964,-0.063755,-0.12862,-0.088532,-0.89847,-0.43002,-0.24779,0.43801,-0.86414,0.96476,0.030052,-0.26141
-0.11251,-0.95437,-0.27662,-0.18059,0.29339,-0.93878,0.9771,-0.05567,-0.20536,-0.034578,-0.92227,-0.38501,-0.87937,0.21113,-0.42677,0.47488,0.32381,-0.81831,-0.096177,-0.9592,-0.26585,-0.10641,0.27547,-0.9554,0.98966,-0.063599,-0.12856,-0.088842,-0.89838,-0.43014,-0.24834,0.43819,-0.8639,0.96459,0.030072,-0.26204
-0.11261,-0.95432,-0.27675,-0.18087,0.29355,-0.93868,0.97704,-0.055651,-0.20567,-0.034691,-0.92227,-0.385,-0.87975,0.21096,-0.42608,0.47417,0.32392,-0.81868,-0.096051,-0.95915,-0.26609,-0.10649,0.27569,-0.95533,0.98966,-0.063423,-0.12862,-0.089087,-0.89834,-0.43018,-0.24894,0.43827,-0.86368,0.96441,0.030147,-0.26268
-0.1127,-0.95425,-0.27697,-0.18119,0.29381,-0.93853,0.97697,-0.055586,-0.20601,-0.034777,-0.92221,-0.38511,-0.88012,0.21083,-0.42538,0.47349,0.32415,-0.81899,-0.09589,-0.95908,-0.26641,-0.10658,0.27599,-0.95523,0.98967,-0.063203,-0.12869,-0.089293,-0.89826,-0.43029,-0.24951,0.43842,-0.86344,0.96425,0.030261,-0.26327
-0.11278,-0.95419,-0.27715,-0.1816,0.29402,-0.93839,0.97688,-0.055504,-0.20644,-0.034858,-0.92219,-0.38517,-0.88051,0.21065,-0.42466,0.47275,0.32434,-0.81933,-0.095833,-0.959,-0.26671,-0.10664,0.2763,-0.95514,0.98967,-0.063091,-0.12875,-0.089528,-0.89824,-0.4303,-0.25015,0.43846,-0.86324,0.96406,0.030352,-0.26394
-0.11279,-0.95416,-0.27724,-0.18199,0.29414,-0.93828,0.97681,-0.055375,-0.20682,-0.034874,-0.92216,-0.38524,-0.88088,0.21044,-0.42399,0.47206,0.32457,-0.81965,-0.095765,-0.95893,-0.26698,-0.10665,0.27655,-0.95506,0.98967,-0.062988,-0.12876,-0.089679,-0.89823,-0.43029,-0.2507,0.43847,-0.86307,0.9639,0.030476,-0.26451
-0.1127,-0.95418,-0.27719,-0.18232,0.29409,-0.93823,0.97676,-0.055204,-0.20711,-0.034878,-0.92217,-0.38521,-0.88125,0.21018,-0.42336,0.47137,0.3247,-0.81999,-0.095757,-0.9589,-0.26711,-0.10668,0.27668,-0.95502,0.98967,-0.062956,-0.12879,-0.089792,-0.89822,-0.43027,-0.25122,0.43848,-0.86292,0.96376,0.03061,-0.26502
-0.11266,-0.9542,-0.27715,-0.18267,0.29406,-0.93817,0.9767,-0.05507,-0.20743,-0.034893,-0.92218,-0.38519,-0.88163,0.20991,-0.42268,0.47065,0.32485,-0.82034,-0.095769,-0.95889,-0.26715,-0.10676,0.27673,-0.955,0.98966,-0.062939,-0.12887,-0.089992,-0.89821,-0.43026,-0.25178,0.4385,-0.86274,0.96359,0.030692,-0.26561
-0.11251,-0.95425,-0.27705,-0.18302,0.29395,-0.93814,0.97665,-0.05484,-0.20771,-0.0349,-0.92222,-0.3851,-0.88203,0.2096,-0.422,0.46989,0.32494,-0.82074,-0.095779,-0.9589,-0.2671,-0.10685,0.27669,-0.955,0.98965,-0.062928,-0.12896,-0.090077,-0.89821,-0.43024,-0.25236,0.43848,-0.86258,0.96343,0.030878,-0.26617
-0.11241,-0.95428,-0.27696,-0.18342,0.29386,-0.93808,0.97659,-0.054651,-0.20807,-0.034928,-0.92229,-0.38493,-0.88246,0.20924,-0.42128,0.46908,0.32497,-0.82119,-0.095686,-0.95894,-0.26697,-0.10694,0.27655,-0.95503,0.98965,-0.062834,-0.12901,-0.090208,-0.89821,-0.4302,-0.25295,0.43846,-0.86242,0.96327,0.031022,-0.26675
-0.11225,-0.95432,-0.27688,-0.18377,0.29378,-0.93804,0.97654,-0.054415,-0.20835,-0.034965,-0.92236,-0.38476,-0.88291,0.20889,-0.42052,0.46824,0.325,-0.82166,-0.095444,-0.95899,-0.26689,-0.10699,0.27644,-0.95506,0.98967,-0.0626,-0.12899,-0.090299,-0.89823,-0.43015,-0.25351,0.43842,-0.86228,0.96311,0.031185,-0.2673
-0.11208,-0.95437,-0.2768,-0.18414,0.29368,-0.938,0.97649,-0.054156,-0.20865,-0.034982,-0.92242,-0.3846,-0.88335,0.20853,-0.41978,0.46741,0.32505,-0.82211,-0.095217,-0.95904,-0.26679,-0.107,0.27631,-0.95509,0.98969,-0.062394,-0.12893,-0.090413,-0.89826,-0.43006,-0.25406,0.43835,-0.86215,0.96295,0.031315,-0.26785
-0.1119,-0.95443,-0.27667,-0.18446,0.29353,-0.93798,0.97645,-0.053924,-0.2089,-0.034964,-0.92251,-0.38439,-0.88379,0.20811,-0.41905,0.46658,0.32507,-0.82258,-0.094992,-0.9591,-0.26667,-0.10701,0.27617,-0.95513,0.98971,-0.062194,-0.12887,-0.090522,-0.89831,-0.42993,-0.25465,0.43823,-0.86204,0.96279,0.031448,-0.26842
-0.11173,-0.9545,-0.27649,-0.18482,0.29334,-0.93797,0.9764,-0.053699,-0.20919,-0.034892,-0.92261,-0.38416,-0.88425,0.20763,-0.41833,0.46571,0.3251,-0.82306,-0.094703,-0.95916,-0.26654,-0.10709,0.27601,-0.95517,0.98973,-0.061914,-0.12885,-0.090541,-0.8984,-0.42974,-0.25531,0.43803,-0.86194,0.96261,0.031677,-0.26903
-0.11162,-0.95457,-0.27629,-0.18521,0.29313,-0.93796,0.97634,-0.053522,-0.20952,-0.034789,-0.9227,-0.38395,-0.8847,0.20713,-0.41761,0.46486,0.32515,-0.82352,-0.094486,-0.95924,-0.26631,-0.10722,0.27576,-0.95523,0.98974,-0.061702,-0.1289,-0.090471,-0.8985,-0.42956,-0.25589,0.43782,-0.86188,0.96246,0.031947,-0.26953
-0.1115,-0.95469,-0.27593,-0.18556,0.29278,-0.938,0.97629,-0.053384,-0.2098,-0.034701,-0.92279,-0.38373,-0.88516,0.20664,-0.41688,0.46399,0.32519,-0.82399,-0.094296,-0.95936,-0.26598,-0.10732,0.27541,-0.95532,0.98974,-0.061536,-0.12893,-0.0902,-0.89861,-0.42938,-0.25642,0.43755,-0.86186,0.96235,0.032361,-0.26989
-0.11145,-0.95484,-0.27544,-0.18598,0.29231,-0.93807,0.97621,-0.053324,-0.21016,-0.034654,-0.92288,-0.38352,-0.88565,0.20616,-0.41607,0.46305,0.32525,-0.8245,-0.094287,-0.95944,-0.26567,-0.10747,0.2751,-0.95539,0.98973,-0.061531,-0.12905,-0.089906,-0.89875,-0.42915,-0.25698,0.43724,-0.86185,0.96223,0.032798,-0.27027
-0.11149,-0.95497,-0.27495,-0.18629,0.29185,-0.93814,0.97615,-0.053369,-0.21044,-0.034606,-0.92298,-0.38328,-0.88619,0.20564,-0.41519,0.46203,0.32529,-0.82505,-0.094445,-0.95954,-0.26527,-0.10758,0.27473,-0.95548,0.9897,-0.061703,-0.12917,-0.089008,-0.89903,-0.42875,-0.25748,0.43659,-0.86203,0.96218,0.033666,-0.27034
-0.11155,-0.95514,-0.27435,-0.18663,0.2913,-0.93825,0.97608,-0.053461,-0.21075,-0.034425,-0.92308,-0.38305,-0.88672,0.20501,-0.41436,0.46102,0.3254,-0.82558,-0.094783,-0.95964,-0.26477,-0.1077,0.27429,-0.9556,0.98965,-0.062057,-0.12936,-0.088011,-0.89936,-0.42826,-0.25802,0.43584,-0.86225,0.96212,0.034612,-0.27041
-0.11165,-0.95533,-0.27364,-0.18706,0.29064,-0.93837,0.97598,-0.053582,-0.21116,-0.034189,-0.92318,-0.38284,-0.88731,0.20432,-0.41345,0.45991,0.32556,-0.82613,-0.095193,-0.95977,-0.26416,-0.10798,0.27375,-0.95572,0.98959,-0.062455,-0.12969,-0.087069,-0.89972,-0.4277,-0.25871,0.43502,-0.86245,0.96202,0.035556,-0.27064
-0.11176,-0.95558,-0.27273,-0.18753,0.2898,-0.93853,0.97588,-0.053744,-0.21159,-0.033909,-0.92326,-0.38267,-0.888,0.20353,-0.41236,0.4586,0.32583,-0.82676,-0.095615,-0.95993,-0.26342,-0.10843,0.2731,-0.95585,0.98949,-0.062831,-0.1302,-0.086502,-0.9,-0.42722,-0.25953,0.43438,-0.86253,0.96185,0.036265,-0.27115
-0.11199,-0.95587,-0.27159,-0.18799,0.28876,-0.93877,0.97577,-0.054075,-0.21203,-0.033645,-0.92334,-0.38252,-0.88872,0.20273,-0.41119,0.45721,0.32612,-0.82741,-0.096217,-0.96012,-0.2625,-0.10897,0.2723,-0.95602,0.98938,-0.063382,-0.13082,-0.085349,-0.90048,-0.42645,-0.26037,0.43329,-0.86282,0.96173,0.037394,-0.27144
-0.11209,-0.95623,-0.27028,-0.18852,0.28752,-0.93904,0.97565,-0.054305,-0.2125,-0.033199,-0.92343,-0.38234,-0.88958,0.20168,-0.40984,0.45557,0.32651,-0.82816,-0.09687,-0.96035,-0.26144,-0.10941,0.27136,-0.95624,0.98926,-0.064026,-0.13136,-0.084114,-0.90103,-0.42551,-0.26141,0.43202,-0.86314,0.96156,0.038632,-0.27188
-0.11218,-0.95666,-0.26875,-0.1891,0.28606,-0.93937,0.97553,-0.054552,-0.213,-0.032704,-0.92349,-0.38222,-0.89054,0.20054,-0.40832,0.45373,0.32703,-0.82896,-0.097611,-0.96061,-0.2602,-0.10979,0.27025,-0.95651,0.98915,-0.064798,-0.13185,-0.082775,-0.90164,-0.4245,-0.26268,0.43063,-0.86345,0.96133,0.040034,-0.27249
-0.11235,-0.95717,-0.26684,-0.18974,0.28427,-0.93978,0.97538,-0.054949,-0.21355,-0.03215,-0.92359,-0.38202,-0.89164,0.1992,-0.40656,0.45159,0.32756,-0.82992,-0.098484,-0.96095,-0.25862,-0.1105,0.26884,-0.95683,0.98898,-0.065656,-0.13266,-0.08132,-0.90236,-0.42324,-0.26433,0.42897,-0.86378,0.961,0.041633,-0.2734
-0.11264,-0.95773,-0.2647,-0.1902,0.28225,-0.9403,0.97526,-0.05557,-0.21396,-0.031414,-0.92374,-0.38174,-0.89279,0.19765,-0.4048,0.44938,0.32809,-0.83091,-0.099515,-0.96132,-0.25681,-0.11133,0.26723,-0.95718,0.98879,-0.066665,-0.13361,-0.079811,-0.90317,-0.4218,-0.2661,0.4271,-0.86416,0.96063,0.043274,-0.27442
-0.11287,-0.95838,-0.26225,-0.19053,0.27992,-0.94093,0.97517,-0.056239,-0.2142,-0.030816,-0.92382,-0.38159,-0.8941,0.19613,-0.40263,0.4468,0.32877,-0.83203,-0.10068,-0.96176,-0.25471,-0.11224,0.26536,-0.9576,0.98857,-0.067818,-0.13466,-0.07801,-0.904,-0.42036,-0.26785,0.42515,-0.86458,0.9603,0.045148,-0.2753
-0.11318,-0.9591,-0.25945,-0.19068,0.27724,-0.94169,0.9751,-0.057109,-0.21426,-0.029654,-0.92404,-0.38115,-0.89562,0.19387,-0.40034,0.44382,0.32949,-0.83334,-0.10208,-0.96225,-0.25228,-0.11308,0.26319,-0.95809,0.98833,-0.069274,-0.13568,-0.076492,-0.90476,-0.41899,-0.2699,0.42333,-0.86484,0.95984,0.046935,-0.27658
-0.11348,-0.95985,-0.25653,-0.19089,0.27445,-0.94246,0.97503,-0.057984,-0.21437,-0.02864,-0.92421,-0.3808,-0.8973,0.19165,-0.39766,0.4405,0.3303,-0.83478,-0.1037,-0.96274,-0.24977,-0.1139,0.26096,-0.95861,0.98807,-0.070956,-0.13671,-0.074704,-0.90581,-0.41704,-0.27257,0.42083,-0.86522,0.95923,0.049041,-0.27834
-0.11375,-0.96065,-0.2534,-0.19128,0.27146,-0.94325,0.97492,-0.058825,-0.21463,-0.026973,-0.92452,-0.38018,-0.89913,0.18864,-0.39495,0.43686,0.33118,-0.83635,-0.10549,-0.96326,-0.24699,-0.11466,0.2585,-0.95918,0.98779,-0.072863,-0.13772,-0.072209,-0.90694,-0.41502,-0.27558,0.41805,-0.86561,0.95856,0.051868,-0.28012
-0.11404,-0.96152,-0.24996,-0.19158,0.26817,-0.94413,0.97483,-0.059777,-0.21479,-0.025449,-0.92472,-0.37978,-0.90111,0.18571,-0.3918,0.43284,0.33226,-0.83801,-0.1074,-0.96383,-0.2439,-0.11547,0.25575,-0.95982,0.98749,-0.07492,-0.13876,-0.069693,-0.90812,-0.41288,-0.27893,0.41511,-0.86595,0.95778,0.054814,-0.28223
-0.11407,-0.96249,-0.24616,-0.19221,0.26447,-0.94504,0.9747,-0.060489,-0.21517,-0.023224,-0.92504,-0.37915,-0.9032,0.182,-0.38872,0.42859,0.33342,-0.83973,-0.10939,-0.96448,-0.24046,-0.1163,0.25267,-0.96054,0.98717,-0.077104,-0.13981,-0.067,-0.90943,-0.41043,-0.28274,0.4118,-0.8663,0.95685,0.058002,-0.28472
-0.11407,-0.9635,-0.24218,-0.19306,0.26062,-0.94594,0.97453,-0.061144,-0.21574,-0.021218,-0.9253,-0.37864,-0.90532,0.17848,-0.38542,0.42421,0.33461,-0.84148,-0.11146,-0.96515,-0.23678,-0.11713,0.24936,-0.9613,0.98684,-0.079417,-0.14084,-0.063969,-0.9108,-0.40785,-0.28672,0.40823,-0.86668,0.95588,0.061499,-0.28726
-0.11381,-0.96461,-0.23787,-0.19394,0.25639,-0.94692,0.97439,-0.061637,-0.21625,-0.018364,-0.92571,-0.37778,-0.90743,0.17408,-0.38246,0.41981,0.33578,-0.84321,-0.11354,-0.9659,-0.2327,-0.11807,0.24567,-0.96214,0.98649,-0.081766,-0.14194,-0.060694,-0.91238,-0.40482,-0.29084,0.40413,-0.86723,0.95484,0.065104,-0.28989
-0.11338,-0.96583,-0.23307,-0.19482,0.25164,-0.94801,0.97426,-0.062073,-0.2167,-0.015301,-0.92618,-0.37677,-0.90953,0.16942,-0.37953,0.41535,0.33688,-0.84498,-0.11562,-0.96674,-0.22815,-0.11918,0.24153,-0.96305,0.98612,-0.084154,-0.14314,-0.056513,-0.91402,-0.4017,-0.29501,0.39967,-0.86789,0.95382,0.069459,-0.29223
-0.11276,-0.96713,-0.22793,-0.19585,0.24653,-0.94914,0.97413,-0.062385,-0.21721,-0.012545,-0.92662,-0.37578,-0.91166,0.16497,-0.37637,0.41074,0.33787,-0.84684,-0.11759,-0.96764,-0.22326,-0.12043,0.23706,-0.964,0.98573,-0.086473,-0.14441,-0.0518,-0.91578,-0.39833,-0.29887,0.3948,-0.8688,0.95289,0.074043,-0.29415
-0.11184,-0.96849,-0.22254,-0.19729,0.24113,-0.95023,0.97394,-0.062369,-0.21805,-0.0094625,-0.92713,-0.37463,-0.91373,0.16021,-0.3734,0.4062,0.33878,-0.84866,-0.11942,-0.96863,-0.21795,-0.122,0.23217,-0.96499,0.98532,-0.08865,-0.1459,-0.04691,-0.9175,-0.39496,-0.30212,0.38991,-0.86988,0.95212,0.078519,-0.29548
-0.11068,-0.96991,-0.21683,-0.19932,0.2354,-0.95124,0.97366,-0.062063,-0.21938,-0.0061271,-0.92769,-0.37329,-0.9158,0.15512,-0.37046,0.40158,0.33959,-0.85054,-0.12111,-0.96966,-0.21235,-0.12412,0.22704,-0.96594,0.98485,-0.090631,-0.14785,-0.041635,-0.91909,-0.39185,-0.30502,0.38516,-0.87099,0.95144,0.083258,-0.29637
-0.10928,-0.97138,-0.21091,-0.20174,0.22944,-0.95219,0.97332,-0.06151,-0.22104,-0.002415,-0.92822,-0.37202,-0.91789,0.14968,-0.36752,0.39682,0.34059,-0.85237,-0.12278,-0.97071,-0.20653,-0.12682,0.22174,-0.96682,0.9843,-0.092519,-0.15033,-0.03605,-0.92054,-0.38899,-0.3077,0.38056,-0.87206,0.9508,0.088254,-0.29697
-0.10769,-0.97291,-0.20458,-0.20487,0.22308,-0.95303,0.97285,-0.060723,-0.22334,0.0017119,-0.9287,-0.37082,-0.91991,0.14395,-0.36475,0.39213,0.34175,-0.85408,-0.1244,-0.97179,-0.20039,-0.13038,0.21622,-0.9676,0.98363,-0.094244,-0.15359,-0.030336,-0.92213,-0.38569,-0.31102,0.37542,-0.87311,0.94992,0.093471,-0.29819
-0.1058,-0.97448,-0.19797,-0.20892,0.21642,-0.95368,0.97219,-0.059541,-0.22648,0.0063132,-0.92916,-0.36962,-0.92198,0.13771,-0.36193,0.38719,0.34306,-0.8558,-0.12574,-0.97292,-0.19393,-0.13504,0.21044,-0.96823,0.98283,-0.095555,-0.15784,-0.024236,-0.92394,-0.38177,-0.31492,0.3695,-0.87424,0.94881,0.099038,-0.29992
-0.1036,-0.97613,-0.1909,-0.21334,0.20928,-0.9543,0.97147,-0.058136,-0.22992,0.01119,-0.92959,-0.36842,-0.92413,0.13111,-0.35888,0.38192,0.34448,-0.8576,-0.12673,-0.97413,-0.18713,-0.14051,0.20437,-0.96876,0.98193,-0.09648,-0.16278,-0.017976,-0.92585,-0.37747,-0.31879,0.36313,-0.8755,0.94765,0.1046,-0.30168
