-0.6388,-0.74062,-0.20835,0.71738,-0.47553,-0.50915,0.27802,-0.47471,0.83508,-0.27542,-0.91817,-0.2848,0.62665,0.053185,-0.77748,0.729,-0.39261,0.56072,-0.26631,-0.96333,0.032878,-0.41275,0.083148,-0.90704,0.87104,-0.25512,-0.41976,-0.19496,-0.95402,-0.22769,0.29948,0.16316,-0.94005,0.93397,-0.25146,0.2539
-0.63872,-0.74083,-0.2079,0.7174,-0.47568,-0.50899,0.27818,-0.47424,0.83529,-0.27543,-0.91829,-0.28438,0.62665,0.052828,-0.77751,0.72901,-0.39236,0.5609,-0.26648,-0.96326,0.033395,-0.41283,0.082759,-0.90704,0.87096,-0.25549,-0.41971,-0.19503,-0.9541,-0.22727,0.29936,0.16276,-0.94016,0.934,-0.2514,0.25388
-0.63864,-0.74103,-0.20741,0.71741,-0.47588,-0.50878,0.27832,-0.47372,0.83554,-0.27547,-0.91842,-0.28394,0.62667,0.052413,-0.77752,0.72897,-0.39212,0.56111,-0.26651,-0.96324,0.033896,-0.41296,0.082339,-0.90702,0.87088,-0.25572,-0.41972,-0.19514,-0.95419,-0.22681,0.29943,0.16225,-0.94022,0.93395,-0.25139,0.25405
-0.63854,-0.74121,-0.20706,0.71749,-0.47604,-0.50853,0.27836,-0.47328,0.83578,-0.27553,-0.9185,-0.28361,0.62675,0.052056,-0.77748,0.72888,-0.39197,0.56133,-0.26653,-0.96322,0.034289,-0.41289,0.08196,-0.90709,0.87091,-0.25593,-0.41954,-0.19524,-0.95426,-0.22644,0.2996,0.16181,-0.94024,0.93387,-0.25142,0.2543
-0.63831,-0.74146,-0.20688,0.71768,-0.47602,-0.50828,0.27839,-0.47291,0.83598,-0.27552,-0.91857,-0.2834,0.62676,0.051876,-0.77748,0.72887,-0.39184,0.56143,-0.26638,-0.96325,0.034506,-0.41281,0.081661,-0.90715,0.871,-0.25589,-0.41939,-0.19527,-0.95431,-0.22618,0.29969,0.16152,-0.94026,0.93384,-0.25139,0.25446
-0.63807,-0.74173,-0.20665,0.71786,-0.47599,-0.50804,0.27847,-0.47251,0.83617,-0.27546,-0.91866,-0.28316,0.62668,0.051758,-0.77755,0.72897,-0.39163,0.56145,-0.26618,-0.9633,0.034662,-0.41268,0.081389,-0.90723,0.87112,-0.25579,-0.4192,-0.19535,-0.95436,-0.22589,0.2998,0.16119,-0.94029,0.93379,-0.2514,0.25463
-0.63784,-0.74195,-0.20658,0.71806,-0.47591,-0.50784,0.27847,-0.47226,0.83632,-0.27546,-0.91875,-0.28287,0.62666,0.051527,-0.77759,0.72899,-0.39145,0.56155,-0.26614,-0.96331,0.034784,-0.41262,0.081237,-0.90728,0.87116,-0.25582,-0.4191,-0.19549,-0.9544,-0.22562,0.30005,0.16082,-0.94027,0.93368,-0.25151,0.25492
-0.63754,-0.74223,-0.20649,0.71829,-0.47574,-0.50767,0.27857,-0.47197,0.83644,-0.27546,-0.91883,-0.28262,0.62675,0.05127,-0.77753,0.72891,-0.39131,0.56175,-0.26611,-0.96331,0.034939,-0.41254,0.081051,-0.90733,0.87121,-0.25586,-0.41897,-0.19561,-0.95442,-0.22542,0.30032,0.16052,-0.94023,0.93357,-0.25162,0.25523
-0.63735,-0.7424,-0.20645,0.71843,-0.47562,-0.50758,0.27864,-0.47182,0.83651,-0.27542,-0.91886,-0.28256,0.62689,0.051166,-0.77743,0.7288,-0.39126,0.56193,-0.26614,-0.9633,0.034991,-0.41249,0.081005,-0.90736,0.87122,-0.25592,-0.41891,-0.19563,-0.95445,-0.2253,0.30038,0.16038,-0.94024,0.93354,-0.25161,0.25532
-0.63723,-0.74248,-0.20654,0.71856,-0.47553,-0.50748,0.27858,-0.47179,0.83654,-0.27537,-0.91885,-0.28264,0.6271,0.051151,-0.77725,0.72864,-0.39128,0.56213,-0.26626,-0.96327,0.034947,-0.41231,0.081045,-0.90743,0.87127,-0.25602,-0.41874,-0.19557,-0.95446,-0.22529,0.30049,0.16036,-0.94021,0.93352,-0.25158,0.25544
-0.63728,-0.74243,-0.20658,0.71855,-0.4756,-0.50744,0.27849,-0.47181,0.83656,-0.27538,-0.91882,-0.28273,0.62725,0.051142,-0.77714,0.72851,-0.39135,0.56225,-0.2666,-0.96317,0.034972,-0.41228,0.08117,-0.90743,0.87118,-0.25634,-0.41874,-0.19555,-0.95446,-0.22531,0.30055,0.16037,-0.94019,0.9335,-0.25157,0.2555
-0.63734,-0.74241,-0.20647,0.71853,-0.47575,-0.50732,0.27841,-0.47169,0.83666,-0.27542,-0.91882,-0.2827,0.62735,0.051041,-0.77707,0.72841,-0.39137,0.56236,-0.26693,-0.96307,0.035177,-0.41223,0.081113,-0.90746,0.8711,-0.25673,-0.41866,-0.19554,-0.95449,-0.2252,0.30065,0.16023,-0.94018,0.93347,-0.25155,0.25564
-0.6374,-0.74234,-0.2065,0.71852,-0.47584,-0.50726,0.2783,-0.47171,0.83669,-0.2754,-0.91879,-0.28282,0.62753,0.051051,-0.77692,0.72826,-0.39144,0.5625,-0.26725,-0.96298,0.035203,-0.41218,0.081216,-0.90748,0.87103,-0.25703,-0.41863,-0.19551,-0.9545,-0.22519,0.30071,0.16021,-0.94016,0.93346,-0.25153,0.25571
-0.6375,-0.74227,-0.20646,0.71844,-0.47594,-0.50727,0.27827,-0.47172,0.83669,-0.27541,-0.91877,-0.28287,0.62771,0.050989,-0.77677,0.7281,-0.39149,0.56268,-0.26756,-0.9629,0.035231,-0.41216,0.081323,-0.90747,0.87094,-0.25732,-0.41863,-0.19545,-0.9545,-0.22523,0.30078,0.16025,-0.94013,0.93345,-0.2515,0.25577
-0.63763,-0.74217,-0.20644,0.71834,-0.47604,-0.50732,0.27824,-0.47178,0.83666,-0.27541,-0.91876,-0.2829,0.62779,0.05097,-0.77671,0.72803,-0.39152,0.56275,-0.26785,-0.96281,0.035329,-0.4122,0.081376,-0.90745,0.87083,-0.25763,-0.41867,-0.19546,-0.95449,-0.22528,0.30084,0.16028,-0.94011,0.93343,-0.25152,0.25582
-0.63777,-0.74205,-0.20642,0.71825,-0.47619,-0.5073,0.27815,-0.4718,0.83668,-0.27543,-0.91878,-0.28282,0.62776,0.050906,-0.77674,0.72804,-0.39149,0.56275,-0.26809,-0.96274,0.035459,-0.41225,0.081377,-0.90743,0.87073,-0.25789,-0.41871,-0.19556,-0.95447,-0.22528,0.30104,0.1602,-0.94006,0.93335,-0.25165,0.256
-0.63781,-0.74203,-0.20634,0.71821,-0.47626,-0.5073,0.27816,-0.47176,0.8367,-0.27552,-0.91878,-0.28272,0.62767,0.050812,-0.77682,0.72809,-0.39149,0.56269,-0.26827,-0.96269,0.035561,-0.41231,0.081378,-0.9074,0.87065,-0.25809,-0.41876,-0.1956,-0.95447,-0.22525,0.30108,0.16014,-0.94006,0.93332,-0.25169,0.25604
-0.63786,-0.742,-0.20634,0.71814,-0.47625,-0.5074,0.27822,-0.47183,0.83664,-0.27569,-0.91875,-0.28267,0.62765,0.050675,-0.77685,0.72805,-0.39158,0.56268,-0.26838,-0.96266,0.035592,-0.41237,0.081416,-0.90737,0.87059,-0.2582,-0.41882,-0.19568,-0.95446,-0.22521,0.30105,0.16009,-0.94007,0.93331,-0.25176,0.25601
-0.63791,-0.74195,-0.20637,0.71809,-0.47623,-0.5075,0.27826,-0.47193,0.83657,-0.27578,-0.91874,-0.28261,0.62766,0.050554,-0.77684,0.728,-0.39162,0.56271,-0.26854,-0.96261,0.035587,-0.41244,0.081516,-0.90733,0.8705,-0.25834,-0.41891,-0.1958,-0.95445,-0.22514,0.30102,0.16,-0.9401,0.9333,-0.25184,0.25599
-0.63798,-0.74188,-0.20637,0.718,-0.47625,-0.5076,0.2783,-0.47202,0.83651,-0.27593,-0.91871,-0.28255,0.62761,0.050434,-0.77689,0.72799,-0.3917,0.56268,-0.26873,-0.96255,0.035647,-0.41253,0.081572,-0.90729,0.8704,-0.25852,-0.419,-0.19594,-0.95442,-0.22516,0.30119,0.15994,-0.94006,0.93322,-0.25201,0.25612
-0.63808,-0.74179,-0.20638,0.71793,-0.47632,-0.50765,0.27827,-0.47209,0.83648,-0.27609,-0.91865,-0.28258,0.62758,0.050378,-0.77692,0.72796,-0.39184,0.56262,-0.26893,-0.9625,0.035611,-0.41262,0.081722,-0.90723,0.8703,-0.25867,-0.41913,-0.19604,-0.95439,-0.2252,0.30132,0.15991,-0.94002,0.93315,-0.25213,0.25622
-0.63818,-0.74171,-0.20638,0.71785,-0.47638,-0.5077,0.27825,-0.47215,0.83645,-0.27618,-0.91862,-0.28258,0.62761,0.050295,-0.7769,0.7279,-0.39192,0.56264,-0.26917,-0.96243,0.035732,-0.41272,0.081747,-0.90718,0.87018,-0.25893,-0.41921,-0.19615,-0.95435,-0.22525,0.30153,0.15988,-0.93996,0.93306,-0.25229,0.2564
-0.63827,-0.74166,-0.20627,0.71776,-0.4765,-0.50771,0.27827,-0.47211,0.83647,-0.2762,-0.91864,-0.28253,0.62763,0.050228,-0.77689,0.72787,-0.3919,0.56269,-0.26939,-0.96236,0.035935,-0.41284,0.081691,-0.90713,0.87005,-0.25921,-0.41931,-0.19617,-0.95436,-0.22521,0.30164,0.15981,-0.93993,0.93302,-0.25232,0.25652
-0.63835,-0.74161,-0.2062,0.71774,-0.47668,-0.50757,0.27813,-0.47201,0.83657,-0.27626,-0.91865,-0.28244,0.62771,0.05007,-0.77683,0.72778,-0.39189,0.56281,-0.26966,-0.96227,0.036233,-0.4129,0.081549,-0.90712,0.86994,-0.25957,-0.41931,-0.19621,-0.95437,-0.22513,0.30186,0.15965,-0.93989,0.93294,-0.25237,0.25677
-0.63841,-0.74153,-0.20632,0.71776,-0.47674,-0.50748,0.27795,-0.47207,0.8366,-0.27629,-0.91862,-0.28248,0.62791,0.049981,-0.77668,0.72759,-0.39196,0.56301,-0.26994,-0.96219,0.036309,-0.41281,0.081581,-0.90715,0.8699,-0.25986,-0.41923,-0.19624,-0.95436,-0.22515,0.30205,0.15961,-0.93984,0.93288,-0.25244,0.25694
-0.63847,-0.74145,-0.2064,0.71776,-0.47682,-0.50741,0.2778,-0.47211,0.83662,-0.2763,-0.9186,-0.28253,0.62807,0.049922,-0.77655,0.72745,-0.39201,0.56316,-0.27019,-0.96212,0.036434,-0.41279,0.081569,-0.90716,0.86983,-0.26014,-0.4192,-0.19621,-0.95437,-0.22512,0.30215,0.15957,-0.93981,0.93285,-0.25242,0.25705
-0.63861,-0.74133,-0.2064,0.71766,-0.47693,-0.50745,0.27775,-0.47219,0.8366,-0.27641,-0.91858,-0.28252,0.62801,0.049879,-0.77661,0.72747,-0.39208,0.56308,-0.27046,-0.96204,0.036573,-0.41289,0.081594,-0.90712,0.86969,-0.26044,-0.41929,-0.19622,-0.95436,-0.22515,0.3023,0.15956,-0.93976,0.9328,-0.25246,0.2572
-0.63873,-0.74123,-0.20641,0.71758,-0.47704,-0.50746,0.27768,-0.47224,0.83659,-0.27641,-0.91857,-0.28253,0.62805,0.049868,-0.77658,0.72743,-0.39209,0.56312,-0.27076,-0.96195,0.036694,-0.41297,0.08164,-0.90708,0.86956,-0.26076,-0.41936,-0.19625,-0.95435,-0.22517,0.30248,0.15952,-0.93971,0.93274,-0.25252,0.25736
-0.63882,-0.74116,-0.20636,0.7175,-0.47713,-0.50748,0.27767,-0.47225,0.83659,-0.27639,-0.9186,-0.28247,0.62808,0.049811,-0.77655,0.72741,-0.39204,0.56319,-0.27104,-0.96186,0.03691,-0.41307,0.08159,-0.90704,0.86943,-0.26109,-0.41943,-0.19625,-0.95436,-0.22511,0.30262,0.15942,-0.93969,0.93269,-0.25254,0.25752
-0.63892,-0.7411,-0.20628,0.71738,-0.47719,-0.50759,0.27774,-0.47229,0.83654,-0.27641,-0.9186,-0.28244,0.62809,0.049764,-0.77654,0.72739,-0.39204,0.56321,-0.27127,-0.96179,0.037077,-0.41318,0.08157,-0.90699,0.86931,-0.26136,-0.41952,-0.19626,-0.95437,-0.22509,0.30276,0.15936,-0.93965,0.93264,-0.25256,0.25767
-0.63909,-0.74097,-0.2062,0.71723,-0.47733,-0.50767,0.27775,-0.47235,0.83651,-0.27643,-0.91859,-0.28245,0.62807,0.049768,-0.77656,0.7274,-0.39206,0.56318,-0.27144,-0.96174,0.03719,-0.41321,0.081552,-0.90697,0.86924,-0.26155,-0.41954,-0.1962,-0.95438,-0.2251,0.30282,0.15936,-0.93963,0.93263,-0.25252,0.25774
-0.63919,-0.74091,-0.20613,0.71716,-0.47748,-0.50763,0.27768,-0.4723,0.83655,-0.27643,-0.91859,-0.28247,0.62798,0.049842,-0.77663,0.72748,-0.39207,0.56308,-0.27161,-0.96168,0.037298,-0.41326,0.081544,-0.90696,0.86916,-0.26176,-0.41957,-0.19613,-0.95438,-0.22515,0.30303,0.15938,-0.93956,0.93258,-0.2525,0.25795
-0.63932,-0.74083,-0.20603,0.71705,-0.47762,-0.50766,0.27769,-0.47229,0.83656,-0.2765,-0.91856,-0.28248,0.62792,0.049832,-0.77668,0.7275,-0.39213,0.56301,-0.27185,-0.96161,0.037532,-0.41333,0.081451,-0.90693,0.86905,-0.26206,-0.41961,-0.19615,-0.95436,-0.2252,0.30327,0.15936,-0.93949,0.9325,-0.25258,0.25817
-0.63942,-0.74073,-0.20607,0.71696,-0.47764,-0.50777,0.2777,-0.47242,0.83648,-0.27651,-0.91851,-0.28264,0.62807,0.04988,-0.77656,0.72737,-0.39224,0.5631,-0.27198,-0.96157,0.037589,-0.41339,0.081475,-0.9069,0.86898,-0.2622,-0.41967,-0.1962,-0.95433,-0.22529,0.30351,0.15936,-0.93941,0.93241,-0.25269,0.25838
-0.63949,-0.74065,-0.20612,0.71689,-0.47765,-0.50786,0.27769,-0.47253,0.83642,-0.2765,-0.9185,-0.28269,0.62823,0.049846,-0.77643,0.72724,-0.39228,0.56324,-0.27204,-0.96155,0.037615,-0.41346,0.081498,-0.90687,0.86893,-0.26226,-0.41973,-0.19624,-0.95431,-0.22535,0.30372,0.15936,-0.93934,0.93233,-0.25278,0.25857
-0.63952,-0.74066,-0.206,0.71683,-0.47767,-0.50793,0.2778,-0.4725,0.8364,-0.27651,-0.91856,-0.28247,0.62834,0.049594,-0.77636,0.72714,-0.39216,0.56345,-0.27209,-0.96153,0.037793,-0.41346,0.081353,-0.90688,0.86892,-0.26238,-0.41969,-0.19623,-0.95435,-0.2252,0.30387,0.15918,-0.93932,0.93229,-0.25275,0.25877
-0.63953,-0.74062,-0.20611,0.71681,-0.47759,-0.50803,0.27782,-0.47264,0.83632,-0.27654,-0.91857,-0.28242,0.6284,0.049504,-0.77631,0.72708,-0.39216,0.56354,-0.27221,-0.9615,0.037698,-0.41341,0.081482,-0.90689,0.86891,-0.26245,-0.41967,-0.19628,-0.95433,-0.22523,0.30414,0.15911,-0.93925,0.93219,-0.25285,0.25902
-0.63951,-0.74061,-0.20622,0.71682,-0.4775,-0.5081,0.27783,-0.47276,0.83625,-0.27656,-0.91856,-0.28241,0.62847,0.049446,-0.77626,0.72701,-0.39217,0.56361,-0.27231,-0.96147,0.037566,-0.41337,0.081644,-0.9069,0.86889,-0.26249,-0.41968,-0.19633,-0.9543,-0.22532,0.30441,0.15911,-0.93916,0.93209,-0.25298,0.25926
-0.63951,-0.74063,-0.20613,0.71678,-0.47749,-0.50815,0.27793,-0.47272,0.83624,-0.2766,-0.9186,-0.28224,0.62854,0.04923,-0.77622,0.72693,-0.3921,0.56376,-0.2724,-0.96144,0.037719,-0.4134,0.081549,-0.90689,0.86885,-0.26263,-0.41967,-0.19633,-0.95436,-0.22505,0.30443,0.15884,-0.9392,0.93208,-0.25291,0.25935
-0.63953,-0.74063,-0.20607,0.71676,-0.47754,-0.50815,0.27795,-0.47268,0.83625,-0.27668,-0.91862,-0.28212,0.62853,0.049085,-0.77624,0.72691,-0.39209,0.56379,-0.27254,-0.9614,0.037798,-0.41346,0.081556,-0.90686,0.86877,-0.26278,-0.41973,-0.19643,-0.95436,-0.22496,0.30462,0.15867,-0.93917,0.932,-0.25301,0.25955
-0.63956,-0.74058,-0.20616,0.71672,-0.47747,-0.50827,0.27798,-0.47283,0.83616,-0.27681,-0.91854,-0.28223,0.62843,0.049143,-0.77631,0.72695,-0.39225,0.56364,-0.27278,-0.96134,0.037742,-0.41352,0.081737,-0.90682,0.86867,-0.26297,-0.41983,-0.19654,-0.95433,-0.22502,0.30483,0.15865,-0.9391,0.93191,-0.25316,0.25972
-0.63961,-0.74059,-0.20597,0.71664,-0.47755,-0.5083,0.27808,-0.47273,0.83618,-0.27694,-0.91855,-0.2821,0.62834,0.048997,-0.7764,0.72698,-0.39227,0.56359,-0.27301,-0.96126,0.037892,-0.41366,0.08174,-0.90676,0.86854,-0.26323,-0.41995,-0.19656,-0.95437,-0.22481,0.30474,0.15847,-0.93916,0.93193,-0.25311,0.25969
-0.63969,-0.74056,-0.20582,0.71652,-0.47764,-0.50838,0.27819,-0.47268,0.83617,-0.27706,-0.91854,-0.28199,0.62817,0.048916,-0.77654,0.72708,-0.39229,0.56344,-0.27326,-0.96119,0.038043,-0.41377,0.081745,-0.9067,0.8684,-0.2635,-0.42005,-0.19661,-0.95437,-0.22475,0.30482,0.15837,-0.93915,0.93189,-0.25316,0.25978
-0.63985,-0.74052,-0.20548,0.71634,-0.47788,-0.50841,0.27829,-0.4725,0.83624,-0.27715,-0.91859,-0.28176,0.62797,0.048776,-0.77671,0.72722,-0.3922,0.56332,-0.27355,-0.96109,0.03844,-0.41387,0.081532,-0.90668,0.86827,-0.26393,-0.42007,-0.19671,-0.9544,-0.22458,0.30497,0.15813,-0.93914,0.93182,-0.25323,0.25996
-0.64,-0.74046,-0.20522,0.71617,-0.47807,-0.50848,0.2784,-0.4724,0.83626,-0.27713,-0.91865,-0.28157,0.62788,0.04868,-0.77679,0.7273,-0.39206,0.56331,-0.27382,-0.961,0.038761,-0.41397,0.081387,-0.90664,0.86813,-0.26431,-0.42011,-0.19666,-0.95442,-0.2245,0.30508,0.15804,-0.93912,0.9318,-0.25318,0.2601
-0.64014,-0.74037,-0.2051,0.71601,-0.47818,-0.50861,0.27848,-0.47244,0.83621,-0.27714,-0.91864,-0.28158,0.62792,0.048657,-0.77675,0.72726,-0.39208,0.56335,-0.27414,-0.9609,0.03893,-0.41409,0.081408,-0.90659,0.86797,-0.26465,-0.42021,-0.1967,-0.95441,-0.22453,0.30523,0.15802,-0.93908,0.93174,-0.25325,0.26023
-0.64026,-0.74033,-0.20489,0.71586,-0.47832,-0.50868,0.27859,-0.47237,0.83622,-0.27721,-0.91864,-0.28154,0.62804,0.048509,-0.77667,0.72713,-0.39212,0.56349,-0.27446,-0.9608,0.039148,-0.41416,0.081371,-0.90656,0.86784,-0.26503,-0.42026,-0.19671,-0.95443,-0.22441,0.30539,0.15785,-0.93905,0.93169,-0.25326,0.26043
-0.64036,-0.74024,-0.20488,0.71579,-0.47841,-0.50869,0.27854,-0.4724,0.83622,-0.27727,-0.9186,-0.28161,0.6281,0.048493,-0.77662,0.72705,-0.39221,0.56353,-0.27477,-0.96071,0.039265,-0.41424,0.081425,-0.90652,0.8677,-0.26534,-0.42034,-0.1967,-0.95444,-0.2244,0.30554,0.15781,-0.93901,0.93164,-0.25327,0.26058
-0.64041,-0.74023,-0.20479,0.71578,-0.47856,-0.50856,0.27845,-0.47227,0.83632,-0.2773,-0.91864,-0.28142,0.62815,0.048294,-0.7766,0.727,-0.39213,0.56365,-0.27492,-0.96065,0.039544,-0.41431,0.081251,-0.9065,0.86762,-0.2656,-0.42035,-0.19672,-0.95448,-0.22422,0.3057,0.15758,-0.939,0.93158,-0.25326,0.26079
-0.6404,-0.74022,-0.20486,0.71581,-0.47854,-0.50855,0.2784,-0.47232,0.83631,-0.27731,-0.91867,-0.28133,0.62827,0.048145,-0.7765,0.72689,-0.39209,0.56382,-0.27505,-0.96062,0.039497,-0.4144,0.081383,-0.90645,0.86754,-0.26568,-0.42046,-0.19671,-0.9545,-0.22413,0.30568,0.1575,-0.93902,0.93159,-0.25323,0.26079
-0.64044,-0.74015,-0.20498,0.71578,-0.47848,-0.50863,0.27838,-0.47247,0.83623,-0.27738,-0.91866,-0.28128,0.62841,0.047987,-0.7764,0.72675,-0.39212,0.56398,-0.27522,-0.96057,0.039365,-0.41446,0.081605,-0.9064,0.86745,-0.26578,-0.42058,-0.19681,-0.95448,-0.22414,0.30582,0.15744,-0.93898,0.93152,-0.25335,0.26091
-0.64048,-0.74009,-0.20508,0.71575,-0.47846,-0.5087,0.27836,-0.4726,0.83616,-0.27742,-0.91869,-0.28114,0.6285,0.047785,-0.77634,0.72665,-0.39207,0.56414,-0.27539,-0.96053,0.039291,-0.41452,0.081772,-0.90636,0.86737,-0.26589,-0.42068,-0.19678,-0.9545,-0.22406,0.30599,0.15732,-0.93895,0.93148,-0.25332,0.26111
-0.6405,-0.74005,-0.20514,0.71571,-0.47839,-0.50882,0.27841,-0.47272,0.83608,-0.27738,-0.91871,-0.28112,0.62848,0.047804,-0.77636,0.72669,-0.39202,0.56413,-0.27556,-0.96048,0.039245,-0.41459,0.081915,-0.90631,0.86728,-0.26602,-0.42078,-0.19664,-0.95453,-0.22406,0.30598,0.15737,-0.93894,0.93151,-0.25319,0.26112
-0.64059,-0.74001,-0.20502,0.71564,-0.47852,-0.5088,0.27841,-0.47265,0.83612,-0.27737,-0.91875,-0.28101,0.62838,0.04778,-0.77644,0.72678,-0.39194,0.56407,-0.27567,-0.96044,0.039425,-0.41473,0.081835,-0.90626,0.86718,-0.26618,-0.42088,-0.19657,-0.95456,-0.224,0.30608,0.1573,-0.93892,0.93149,-0.25313,0.26125
-0.64067,-0.74,-0.20477,0.71548,-0.4786,-0.50896,0.27863,-0.47259,0.83608,-0.27741,-0.91878,-0.28088,0.62825,0.047713,-0.77655,0.72688,-0.39189,0.56398,-0.27566,-0.96044,0.039597,-0.41495,0.081738,-0.90617,0.86708,-0.26623,-0.42106,-0.1965,-0.9546,-0.2239,0.30609,0.15722,-0.93893,0.9315,-0.25303,0.2613
-0.64068,-0.74002,-0.2047,0.71538,-0.47851,-0.50917,0.27885,-0.47265,0.83597,-0.27743,-0.91876,-0.28092,0.62825,0.047733,-0.77655,0.72687,-0.39192,0.56397,-0.27562,-0.96045,0.039561,-0.41508,0.081793,-0.9061,0.86703,-0.26616,-0.42121,-0.19642,-0.9546,-0.22398,0.3062,0.15729,-0.93888,0.93148,-0.253,0.2614
-0.64071,-0.74005,-0.2045,0.71528,-0.47852,-0.50931,0.27906,-0.47259,0.83593,-0.27747,-0.91877,-0.28083,0.62813,0.047694,-0.77664,0.72695,-0.39189,0.56388,-0.27561,-0.96045,0.039638,-0.4152,0.081755,-0.90605,0.86697,-0.26618,-0.42131,-0.19632,-0.95464,-0.22386,0.30618,0.1572,-0.9389,0.93151,-0.25287,0.26143
-0.6407,-0.74008,-0.20441,0.7152,-0.47844,-0.5095,0.27927,-0.47263,0.83584,-0.2775,-0.91879,-0.28076,0.62801,0.047677,-0.77675,0.72705,-0.39186,0.56377,-0.2756,-0.96045,0.039648,-0.41529,0.081767,-0.90601,0.86694,-0.26616,-0.4214,-0.19622,-0.95468,-0.2238,0.30614,0.15718,-0.93892,0.93155,-0.25275,0.26142
-0.64068,-0.7401,-0.2044,0.71515,-0.47831,-0.50969,0.27945,-0.47272,0.83573,-0.27752,-0.91878,-0.28075,0.62791,0.047711,-0.77682,0.72713,-0.39187,0.56367,-0.2756,-0.96046,0.039608,-0.41539,0.081834,-0.90595,0.86689,-0.26613,-0.42152,-0.19612,-0.9547,-0.22381,0.30626,0.15719,-0.93888,0.93153,-0.25268,0.26156
-0.64068,-0.74009,-0.20444,0.71509,-0.47819,-0.50988,0.2796,-0.47286,0.8356,-0.27755,-0.91875,-0.28084,0.62787,0.047784,-0.77685,0.72715,-0.39194,0.56359,-0.2757,-0.96043,0.039507,-0.41546,0.082,-0.90591,0.86682,-0.26618,-0.42163,-0.19602,-0.95471,-0.22384,0.30639,0.15721,-0.93884,0.93151,-0.25261,0.26169
-0.64073,-0.74003,-0.2045,0.71501,-0.47812,-0.51006,0.27968,-0.47303,0.83548,-0.2776,-0.91873,-0.28085,0.62788,0.047763,-0.77685,0.72712,-0.39199,0.56359,-0.27586,-0.96039,0.039401,-0.41549,0.08218,-0.90588,0.86676,-0.26627,-0.4217,-0.19595,-0.95471,-0.22389,0.30655,0.15724,-0.93878,0.93146,-0.25259,0.26186
-0.64073,-0.74001,-0.20458,0.71502,-0.47808,-0.51009,0.27966,-0.47311,0.83544,-0.27759,-0.91875,-0.28078,0.62798,0.047656,-0.77677,0.72704,-0.39195,0.56373,-0.27592,-0.96038,0.039311,-0.41539,0.082258,-0.90592,0.86679,-0.26629,-0.42162,-0.19588,-0.95474,-0.22382,0.30681,0.15712,-0.93871,0.9314,-0.25255,0.26215
-0.64078,-0.73989,-0.20485,0.71503,-0.478,-0.51015,0.27953,-0.47337,0.83533,-0.27764,-0.9187,-0.28091,0.62802,0.047707,-0.77673,0.72698,-0.39208,0.56372,-0.27601,-0.96036,0.039045,-0.41531,0.082526,-0.90593,0.8668,-0.26626,-0.42162,-0.1957,-0.95474,-0.22399,0.30696,0.15729,-0.93864,0.93139,-0.25245,0.26228
-0.6409,-0.73974,-0.20501,0.71494,-0.478,-0.51028,0.27947,-0.47361,0.83522,-0.27772,-0.91863,-0.28105,0.62808,0.04774,-0.77668,0.7269,-0.39223,0.56371,-0.27611,-0.96034,0.038907,-0.41526,0.082689,-0.90593,0.86679,-0.26629,-0.42163,-0.1956,-0.95473,-0.2241,0.30722,0.15736,-0.93854,0.93132,-0.25243,0.26253
-0.64107,-0.73955,-0.20518,0.71485,-0.47808,-0.51032,0.27931,-0.47383,0.83515,-0.2778,-0.91857,-0.28117,0.62817,0.047744,-0.77661,0.7268,-0.39236,0.56375,-0.27626,-0.9603,0.03882,-0.41514,0.082803,-0.90598,0.8668,-0.2664,-0.42154,-0.19548,-0.95474,-0.2242,0.30745,0.15743,-0.93845,0.93127,-0.25238,0.26276
-0.64131,-0.73933,-0.20521,0.71467,-0.47823,-0.51044,0.27924,-0.47401,0.83507,-0.2779,-0.91851,-0.28126,0.62819,0.047738,-0.77659,0.72673,-0.3925,0.56374,-0.27652,-0.96023,0.038751,-0.41504,0.082956,-0.90601,0.86676,-0.26661,-0.42147,-0.19541,-0.95473,-0.22428,0.30774,0.15745,-0.93835,0.93119,-0.25238,0.26304
-0.64161,-0.73912,-0.20505,0.71436,-0.47844,-0.51067,0.27934,-0.47413,0.83497,-0.27801,-0.91848,-0.28126,0.62816,0.047688,-0.77663,0.72673,-0.39258,0.56369,-0.27677,-0.96015,0.038792,-0.41506,0.083038,-0.906,0.86667,-0.26685,-0.42151,-0.19532,-0.95475,-0.2243,0.30784,0.15746,-0.93832,0.93117,-0.25232,0.26315
-0.64195,-0.73886,-0.20489,0.71403,-0.4787,-0.5109,0.2794,-0.47427,0.83487,-0.27809,-0.91847,-0.28122,0.62809,0.047635,-0.77668,0.72675,-0.39262,0.56363,-0.2771,-0.96006,0.038861,-0.41505,0.083122,-0.90599,0.86657,-0.26718,-0.42151,-0.19528,-0.95476,-0.22426,0.30794,0.15741,-0.93829,0.93115,-0.25229,0.26327
-0.64238,-0.73857,-0.20459,0.71359,-0.47906,-0.51116,0.27952,-0.47435,0.83478,-0.27833,-0.91842,-0.28114,0.62792,0.047502,-0.77683,0.72681,-0.39275,0.56347,-0.27751,-0.95993,0.039108,-0.41519,0.083122,-0.90593,0.86637,-0.26765,-0.42162,-0.1953,-0.95479,-0.22412,0.3079,0.15728,-0.93833,0.93116,-0.25226,0.26326
-0.64279,-0.73832,-0.20421,0.71313,-0.47939,-0.51149,0.27975,-0.47441,0.83467,-0.27853,-0.91839,-0.28102,0.6277,0.047397,-0.77701,0.72692,-0.39282,0.56327,-0.27783,-0.95982,0.039394,-0.41543,0.083073,-0.90582,0.86616,-0.26803,-0.42182,-0.19527,-0.95483,-0.22398,0.30779,0.15717,-0.93838,0.9312,-0.25218,0.2632
-0.64316,-0.73809,-0.20389,0.71272,-0.47967,-0.51181,0.27996,-0.47449,0.83456,-0.27881,-0.91835,-0.28089,0.62762,0.047143,-0.7771,0.72689,-0.39296,0.56323,-0.27814,-0.95972,0.039636,-0.41564,0.083048,-0.90573,0.86596,-0.26839,-0.422,-0.19533,-0.95485,-0.22385,0.30788,0.15701,-0.93838,0.93116,-0.25221,0.26331
-0.64355,-0.73788,-0.20342,0.71222,-0.47997,-0.51222,0.28032,-0.47451,0.83442,-0.27903,-0.91838,-0.28059,0.62745,0.046835,-0.77724,0.72694,-0.39293,0.56317,-0.27839,-0.95963,0.040007,-0.41598,0.082922,-0.90558,0.86571,-0.26875,-0.42227,-0.19538,-0.95489,-0.22365,0.30787,0.1568,-0.93842,0.93115,-0.2522,0.26335
-0.64392,-0.73765,-0.20305,0.71179,-0.48027,-0.51253,0.28055,-0.47456,0.83431,-0.27914,-0.91843,-0.28029,0.62737,0.046551,-0.77733,0.72697,-0.39283,0.5632,-0.27857,-0.95957,0.040333,-0.41631,0.082797,-0.90545,0.8655,-0.26902,-0.42254,-0.19543,-0.95494,-0.22337,0.30773,0.15655,-0.93851,0.93119,-0.25215,0.26327
-0.64421,-0.73749,-0.20274,0.71144,-0.48048,-0.51283,0.28079,-0.4746,0.83421,-0.27924,-0.91849,-0.27999,0.62731,0.046266,-0.7774,0.72699,-0.39272,0.56326,-0.27865,-0.95953,0.040645,-0.41652,0.082605,-0.90537,0.86537,-0.26921,-0.42268,-0.19548,-0.95498,-0.22316,0.30777,0.15632,-0.93853,0.93116,-0.25214,0.26336
-0.64449,-0.73734,-0.20239,0.71112,-0.48075,-0.51302,0.28097,-0.47456,0.83417,-0.2793,-0.91858,-0.27965,0.62723,0.045982,-0.77748,0.72703,-0.39255,0.56332,-0.27877,-0.95949,0.040904,-0.41668,0.082466,-0.90531,0.86526,-0.26941,-0.42278,-0.1955,-0.95502,-0.22295,0.30784,0.15609,-0.93855,0.93114,-0.25212,0.26348
-0.6448,-0.73715,-0.2021,0.71077,-0.48101,-0.51326,0.28114,-0.47459,0.8341,-0.27933,-0.91866,-0.27937,0.62719,0.045748,-0.77752,0.72706,-0.3924,0.56339,-0.27886,-0.95945,0.04111,-0.4168,0.082354,-0.90526,0.86517,-0.26958,-0.42287,-0.19547,-0.95505,-0.22285,0.30798,0.15596,-0.93852,0.9311,-0.25209,0.26365
-0.64501,-0.73706,-0.20176,0.71044,-0.48111,-0.51362,0.2815,-0.47463,0.83396,-0.27942,-0.91867,-0.27921,0.62708,0.045612,-0.77762,0.72711,-0.39237,0.56334,-0.2789,-0.95943,0.041308,-0.417,0.082246,-0.90518,0.86506,-0.26968,-0.42302,-0.19541,-0.95509,-0.22277,0.30811,0.15586,-0.9385,0.93107,-0.25203,0.26381
-0.64502,-0.7371,-0.20158,0.71035,-0.48111,-0.51375,0.2817,-0.47457,0.83392,-0.27942,-0.91869,-0.27917,0.62705,0.045584,-0.77764,0.72714,-0.39234,0.56333,-0.27884,-0.95945,0.041406,-0.41714,0.082168,-0.90512,0.86501,-0.26965,-0.42313,-0.19525,-0.95514,-0.22266,0.30818,0.15578,-0.93849,0.93108,-0.25186,0.26394
-0.64507,-0.73711,-0.20138,0.71022,-0.48114,-0.51389,0.28191,-0.47452,0.83388,-0.27941,-0.91873,-0.27905,0.62705,0.045499,-0.77765,0.72715,-0.39226,0.56337,-0.2787,-0.95948,0.041506,-0.41721,0.082031,-0.9051,0.86502,-0.26957,-0.42316,-0.19516,-0.95518,-0.22259,0.30824,0.15572,-0.93848,0.93108,-0.25177,0.26403
-0.64504,-0.73716,-0.20127,0.7102,-0.48112,-0.51394,0.28202,-0.47446,0.83388,-0.27943,-0.91874,-0.27897,0.6271,0.045388,-0.77762,0.72709,-0.39224,0.56346,-0.27855,-0.95953,0.041465,-0.41712,0.081975,-0.90514,0.86511,-0.26942,-0.42308,-0.19497,-0.95522,-0.22259,0.30832,0.15575,-0.93845,0.93109,-0.25159,0.26415
-0.64498,-0.73725,-0.20113,0.7102,-0.48109,-0.51398,0.28217,-0.47435,0.83389,-0.27944,-0.91875,-0.27894,0.62717,0.045316,-0.77756,0.72703,-0.39222,0.56356,-0.27846,-0.95955,0.041417,-0.41711,0.081977,-0.90515,0.86514,-0.26933,-0.42307,-0.19483,-0.95524,-0.22262,0.30844,0.15579,-0.9384,0.93108,-0.2515,0.26428
-0.64487,-0.73733,-0.20123,0.71028,-0.48094,-0.514,0.28221,-0.47439,0.83385,-0.27929,-0.91878,-0.27902,0.62726,0.045434,-0.77749,0.72701,-0.39216,0.56362,-0.27837,-0.95959,0.041285,-0.417,0.082027,-0.9052,0.86523,-0.2692,-0.42299,-0.19461,-0.95526,-0.22273,0.30864,0.1559,-0.93832,0.93106,-0.25135,0.26449
-0.64478,-0.73739,-0.2013,0.71034,-0.4808,-0.51405,0.28227,-0.47444,0.83381,-0.27919,-0.91876,-0.27915,0.62744,0.045511,-0.77734,0.72689,-0.39217,0.56376,-0.27833,-0.9596,0.041145,-0.4169,0.082104,-0.90524,0.86529,-0.2691,-0.42291,-0.19438,-0.95528,-0.22283,0.30874,0.15603,-0.93826,0.93107,-0.25118,0.26461
-0.64466,-0.73748,-0.20131,0.71041,-0.48068,-0.51406,0.28235,-0.47441,0.83379,-0.27904,-0.91875,-0.27934,0.62766,0.045654,-0.77715,0.72676,-0.39219,0.56392,-0.2782,-0.95965,0.040948,-0.41683,0.082214,-0.90526,0.86536,-0.26891,-0.42289,-0.19419,-0.95526,-0.22309,0.30908,0.15625,-0.93811,0.931,-0.25112,0.26491
-0.64452,-0.7376,-0.20133,0.7105,-0.48051,-0.51411,0.28246,-0.4744,0.83376,-0.27891,-0.91874,-0.2795,0.62792,0.045735,-0.77693,0.72658,-0.3922,0.56414,-0.27804,-0.9597,0.040727,-0.4168,0.082339,-0.90526,0.86543,-0.26868,-0.4229,-0.19399,-0.95525,-0.22332,0.30938,0.15645,-0.93798,0.93094,-0.25105,0.26518
-0.64442,-0.73771,-0.20127,0.71054,-0.48042,-0.51413,0.28258,-0.47433,0.83376,-0.27875,-0.91876,-0.2796,0.62814,0.045802,-0.77675,0.72645,-0.39215,0.56435,-0.27792,-0.95974,0.040664,-0.41682,0.082347,-0.90525,0.86546,-0.26854,-0.42292,-0.19386,-0.95523,-0.22352,0.30963,0.15662,-0.93787,0.93088,-0.25103,0.2654
-0.64429,-0.73789,-0.20103,0.71061,-0.48043,-0.51403,0.28272,-0.47403,0.83389,-0.27851,-0.91887,-0.27949,0.62822,0.045827,-0.77668,0.72648,-0.3919,0.56449,-0.27776,-0.95978,0.040813,-0.41678,0.082124,-0.90529,0.86553,-0.26847,-0.42283,-0.19365,-0.95528,-0.22347,0.30968,0.15662,-0.93786,0.93091,-0.25082,0.2655
-0.64412,-0.73809,-0.20082,0.7107,-0.48039,-0.51394,0.28286,-0.47376,0.83399,-0.27836,-0.91895,-0.27938,0.62819,0.045852,-0.7767,0.72656,-0.39171,0.56451,-0.27758,-0.95983,0.040899,-0.41683,0.081974,-0.90528,0.86556,-0.26834,-0.42285,-0.19351,-0.95532,-0.22342,0.30976,0.15658,-0.93783,0.93091,-0.25069,0.26562
-0.64392,-0.73828,-0.20079,0.71083,-0.4802,-0.51394,0.28301,-0.47366,0.834,-0.27819,-0.91898,-0.27943,0.62818,0.04601,-0.77671,0.72664,-0.3916,0.56449,-0.27735,-0.9599,0.040737,-0.41683,0.082022,-0.90527,0.86564,-0.26806,-0.42287,-0.19338,-0.95533,-0.2235,0.30977,0.1567,-0.93781,0.93094,-0.25059,0.26563
-0.64368,-0.73851,-0.2007,0.71094,-0.47998,-0.51399,0.28325,-0.47353,0.83399,-0.27811,-0.919,-0.27945,0.62832,0.046007,-0.77659,0.72654,-0.39157,0.56463,-0.27714,-0.95997,0.040592,-0.41686,0.082068,-0.90526,0.86569,-0.26781,-0.42292,-0.19327,-0.95535,-0.22352,0.30976,0.15675,-0.9378,0.93096,-0.25048,0.26564
-0.64343,-0.73876,-0.20057,0.71105,-0.47973,-0.51406,0.28355,-0.47338,0.83397,-0.27804,-0.91903,-0.27944,0.62841,0.045996,-0.77652,0.7265,-0.3915,0.56473,-0.27698,-0.96002,0.040448,-0.41691,0.082145,-0.90523,0.86572,-0.26759,-0.42299,-0.1932,-0.95535,-0.22355,0.30976,0.1568,-0.9378,0.93098,-0.25043,0.26563
-0.64315,-0.73905,-0.20042,0.71122,-0.47953,-0.51402,0.28378,-0.47313,0.83403,-0.27795,-0.91909,-0.27933,0.62845,0.045933,-0.77649,0.72649,-0.39137,0.56483,-0.27679,-0.96008,0.040393,-0.41698,0.082131,-0.9052,0.86574,-0.26739,-0.42307,-0.19309,-0.95538,-0.22354,0.30977,0.15682,-0.93779,0.931,-0.25033,0.26567
-0.64293,-0.73925,-0.2004,0.71139,-0.47938,-0.51393,0.28385,-0.47298,0.8341,-0.2779,-0.91911,-0.27929,0.62847,0.045926,-0.77648,0.7265,-0.39131,0.56487,-0.27672,-0.9601,0.040295,-0.41699,0.082196,-0.90519,0.86576,-0.26729,-0.4231,-0.1931,-0.95538,-0.22353,0.3098,0.1568,-0.93778,0.93099,-0.25034,0.26569
-0.64276,-0.73939,-0.20039,0.7115,-0.47923,-0.51392,0.28395,-0.47291,0.8341,-0.27784,-0.91913,-0.2793,0.62856,0.045924,-0.77641,0.72644,-0.39127,0.56497,-0.27673,-0.9601,0.040252,-0.41699,0.082239,-0.90518,0.86576,-0.26727,-0.42311,-0.19308,-0.95538,-0.22352,0.30977,0.1568,-0.93779,0.931,-0.25031,0.26568
-0.6426,-0.73954,-0.20038,0.71158,-0.47905,-0.51397,0.28411,-0.47286,0.83408,-0.27776,-0.91912,-0.2794,0.62874,0.045962,-0.77626,0.72632,-0.39128,0.56512,-0.27681,-0.96009,0.040087,-0.41694,0.082417,-0.90519,0.86576,-0.26728,-0.42311,-0.19306,-0.95536,-0.22364,0.30978,0.15692,-0.93777,0.931,-0.25032,0.26566
-0.64241,-0.73974,-0.20025,0.7117,-0.47895,-0.51389,0.28424,-0.47264,0.83416,-0.27769,-0.91917,-0.27931,0.62883,0.045886,-0.77619,0.72627,-0.39118,0.56526,-0.27693,-0.96005,0.040137,-0.41688,0.082408,-0.90522,0.86575,-0.26742,-0.42305,-0.19302,-0.95537,-0.22362,0.30976,0.15692,-0.93778,0.93102,-0.25027,0.26565
-0.64226,-0.73997,-0.19986,0.7118,-0.47908,-0.51364,0.28433,-0.47215,0.8344,-0.27756,-0.91934,-0.2789,0.62876,0.04566,-0.77626,0.72638,-0.39082,0.56537,-0.27711,-0.95998,0.04051,-0.41687,0.082137,-0.90525,0.86569,-0.26774,-0.42295,-0.19303,-0.95546,-0.22323,0.30967,0.15656,-0.93787,0.93104,-0.25017,0.26566
-0.6421,-0.74018,-0.19958,0.71191,-0.47913,-0.51345,0.28442,-0.47177,0.83459,-0.27746,-0.91944,-0.27866,0.62861,0.045611,-0.77638,0.72655,-0.39058,0.56531,-0.27722,-0.95994,0.040744,-0.41694,0.081987,-0.90523,0.86563,-0.26794,-0.42297,-0.19311,-0.9555,-0.22299,0.30961,0.15632,-0.93793,0.93105,-0.25017,0.26565
-0.64192,-0.7404,-0.19936,0.712,-0.47906,-0.51338,0.2846,-0.47149,0.83468,-0.27741,-0.9195,-0.27852,0.62849,0.045584,-0.77648,0.72666,-0.39045,0.56525,-0.27723,-0.95994,0.040778,-0.41704,0.08199,-0.90518,0.86557,-0.26795,-0.42307,-0.19321,-0.9555,-0.22289,0.30968,0.15617,-0.93793,0.931,-0.25024,0.26573
-0.64162,-0.74071,-0.19917,0.7122,-0.47892,-0.51323,0.28477,-0.47115,0.83482,-0.27728,-0.91962,-0.27824,0.62849,0.045436,-0.77649,0.72672,-0.39018,0.56537,-0.27729,-0.95992,0.040803,-0.41706,0.081996,-0.90517,0.86555,-0.26801,-0.42308,-0.19321,-0.95557,-0.22263,0.30968,0.15592,-0.93797,0.93101,-0.25017,0.26579
-0.64135,-0.741,-0.19897,0.71234,-0.47874,-0.51321,0.28503,-0.47088,0.83488,-0.27722,-0.91972,-0.27795,0.62834,0.04531,-0.77662,0.72687,-0.38994,0.56534,-0.27738,-0.95989,0.040869,-0.41711,0.081995,-0.90515,0.86549,-0.26812,-0.42313,-0.19322,-0.95563,-0.22234,0.30963,0.15564,-0.93803,0.93102,-0.25009,0.26582
-0.64108,-0.74127,-0.19884,0.7125,-0.47854,-0.51317,0.28524,-0.47065,0.83494,-0.27709,-0.91982,-0.27777,0.62817,0.045339,-0.77676,0.72707,-0.38972,0.56524,-0.27746,-0.95987,0.040895,-0.41715,0.082019,-0.90513,0.86545,-0.2682,-0.42316,-0.19318,-0.95568,-0.22217,0.30956,0.15551,-0.93808,0.93105,-0.25,0.2658
-0.64088,-0.74149,-0.19863,0.71262,-0.47849,-0.51304,0.28537,-0.47035,0.83506,-0.27699,-0.91994,-0.27748,0.62805,0.04522,-0.77686,0.72721,-0.38945,0.56524,-0.27756,-0.95983,0.04105,-0.4172,0.081936,-0.90511,0.86539,-0.26835,-0.42318,-0.19317,-0.95574,-0.22191,0.30951,0.15526,-0.93814,0.93107,-0.2499,0.26582
-0.64073,-0.74167,-0.19849,0.71277,-0.47852,-0.51281,0.28535,-0.47005,0.83524,-0.277,-0.91996,-0.27739,0.62793,0.045205,-0.77695,0.72731,-0.3894,0.56515,-0.27776,-0.95977,0.041231,-0.41717,0.081847,-0.90513,0.86534,-0.26861,-0.42312,-0.19317,-0.9558,-0.22166,0.3094,0.15505,-0.93821,0.93111,-0.24982,0.26577
-0.6406,-0.74182,-0.19831,0.71282,-0.47848,-0.51277,0.2855,-0.46984,0.83531,-0.27688,-0.92005,-0.27719,0.62781,0.045176,-0.77705,0.72745,-0.38918,0.56511,-0.27778,-0.95975,0.041313,-0.41723,0.081798,-0.90511,0.86531,-0.26866,-0.42316,-0.19315,-0.95583,-0.22153,0.30925,0.15497,-0.93827,0.93116,-0.24974,0.26566
-0.6405,-0.74199,-0.19805,0.71283,-0.47846,-0.51278,0.28572,-0.46961,0.83536,-0.27685,-0.92014,-0.27694,0.62761,0.045085,-0.77722,0.72763,-0.38899,0.56501,-0.27788,-0.95972,0.04144,-0.41736,0.081766,-0.90505,0.86521,-0.26879,-0.42327,-0.19325,-0.95586,-0.22132,0.30923,0.15474,-0.93831,0.93114,-0.24977,0.26568
-0.64033,-0.74214,-0.19801,0.71299,-0.47841,-0.51261,0.2857,-0.46941,0.83548,-0.27677,-0.92021,-0.27678,0.62751,0.045061,-0.7773,0.72776,-0.38882,0.56497,-0.27797,-0.9597,0.041425,-0.41726,0.081788,-0.9051,0.86523,-0.26888,-0.42318,-0.19333,-0.95587,-0.2212,0.30918,0.15461,-0.93835,0.93114,-0.2498,0.26565
-0.64017,-0.74228,-0.19802,0.71312,-0.47829,-0.51254,0.28573,-0.46932,0.83552,-0.27673,-0.92025,-0.27669,0.62738,0.045083,-0.77741,0.72788,-0.38872,0.56487,-0.2781,-0.95966,0.041345,-0.41724,0.081917,-0.9051,0.8652,-0.26896,-0.42319,-0.19346,-0.95585,-0.22118,0.30914,0.15456,-0.93837,0.93113,-0.24991,0.26559
-0.64009,-0.74236,-0.19796,0.71312,-0.47817,-0.51266,0.28592,-0.46932,0.83546,-0.27668,-0.9203,-0.27658,0.62711,0.045158,-0.77762,0.72813,-0.3886,0.56464,-0.27824,-0.95962,0.041302,-0.41735,0.082055,-0.90503,0.8651,-0.26905,-0.42333,-0.19355,-0.95583,-0.22119,0.309,0.15459,-0.93841,0.93116,-0.24997,0.26543
-0.63995,-0.74251,-0.19784,0.71324,-0.47817,-0.51248,0.28592,-0.46907,0.8356,-0.27659,-0.92038,-0.27642,0.62703,0.045133,-0.77768,0.72824,-0.38842,0.56462,-0.27836,-0.95958,0.041396,-0.41732,0.082014,-0.90505,0.86508,-0.2692,-0.42328,-0.19357,-0.95585,-0.22107,0.30896,0.15448,-0.93844,0.93117,-0.24996,0.26542
-0.63963,-0.74285,-0.19761,0.71358,-0.47826,-0.51192,0.28577,-0.46845,0.836,-0.27646,-0.92049,-0.27615,0.62716,0.044922,-0.7776,0.72818,-0.38817,0.56488,-0.27842,-0.95956,0.041561,-0.41718,0.081842,-0.90513,0.86513,-0.26935,-0.42309,-0.19347,-0.95593,-0.22082,0.30899,0.15425,-0.93847,0.93118,-0.2498,0.26553
-0.63938,-0.74312,-0.19742,0.71373,-0.4781,-0.51187,0.286,-0.46818,0.83607,-0.27633,-0.92058,-0.276,0.6272,0.04485,-0.77756,0.72819,-0.38797,0.56499,-0.27839,-0.95957,0.041539,-0.41724,0.081867,-0.9051,0.86511,-0.2693,-0.42316,-0.19339,-0.95598,-0.22071,0.30893,0.15418,-0.93851,0.93122,-0.24968,0.26551
-0.63916,-0.74338,-0.19715,0.71377,-0.47792,-0.51199,0.28638,-0.46796,0.83606,-0.27631,-0.92063,-0.27583,0.62712,0.044765,-0.77763,0.72826,-0.38785,0.56498,-0.27827,-0.9596,0.041564,-0.41741,0.081839,-0.90503,0.86507,-0.26919,-0.42332,-0.19346,-0.95599,-0.22058,0.30874,0.15408,-0.93858,0.93126,-0.24968,0.26535
-0.63879,-0.74375,-0.19694,0.71401,-0.47772,-0.51183,0.2866,-0.46757,0.83621,-0.27627,-0.92069,-0.27569,0.62706,0.044708,-0.77769,0.72834,-0.38772,0.56497,-0.27803,-0.95968,0.04149,-0.41756,0.081846,-0.90496,0.86507,-0.26893,-0.42347,-0.19349,-0.956,-0.2205,0.30856,0.15405,-0.93865,0.93132,-0.24966,0.26518
-0.63839,-0.74413,-0.19678,0.71424,-0.47739,-0.51183,0.28693,-0.4673,0.83624,-0.27618,-0.92078,-0.27549,0.62708,0.044588,-0.77768,0.72835,-0.38753,0.56509,-0.27775,-0.95976,0.041333,-0.41764,0.081893,-0.90492,0.86512,-0.26861,-0.42358,-0.19345,-0.95604,-0.22037,0.30847,0.15396,-0.93869,0.93136,-0.24957,0.26512
-0.63801,-0.7445,-0.19662,0.71436,-0.47696,-0.51205,0.28744,-0.46715,0.83615,-0.27607,-0.92085,-0.27535,0.62699,0.044592,-0.77775,0.72847,-0.38735,0.56505,-0.27741,-0.95987,0.041092,-0.41775,0.081994,-0.90486,0.86518,-0.26818,-0.42373,-0.19341,-0.95606,-0.22032,0.30834,0.15395,-0.93874,0.93141,-0.24949,0.26502
-0.6376,-0.74489,-0.19646,0.71461,-0.47664,-0.51201,0.28775,-0.46685,0.83621,-0.27596,-0.92093,-0.27519,0.62709,0.044468,-0.77767,0.72842,-0.38718,0.56524,-0.27711,-0.95997,0.040918,-0.41771,0.082007,-0.90487,0.86529,-0.26784,-0.42371,-0.19332,-0.9561,-0.22022,0.30828,0.1539,-0.93877,0.93145,-0.24937,0.26499
-0.63721,-0.74525,-0.19641,0.71489,-0.47634,-0.5119,0.28793,-0.46659,0.83629,-0.27579,-0.921,-0.27512,0.62728,0.044419,-0.77752,0.72832,-0.38701,0.56548,-0.27687,-0.96004,0.04075,-0.41755,0.082007,-0.90494,0.86544,-0.26757,-0.42357,-0.19317,-0.95614,-0.22018,0.30835,0.15387,-0.93875,0.93145,-0.24923,0.2651
-0.63683,-0.74561,-0.19623,0.71517,-0.47616,-0.51167,0.28807,-0.46619,0.83647,-0.27562,-0.92113,-0.27488,0.62736,0.04429,-0.77747,0.72832,-0.38673,0.56567,-0.27664,-0.9601,0.040852,-0.41743,0.081771,-0.90502,0.86557,-0.26742,-0.4234,-0.19302,-0.9562,-0.22005,0.30844,0.15377,-0.93873,0.93145,-0.24907,0.26525
-0.63656,-0.74591,-0.19597,0.71535,-0.4761,-0.51146,0.2882,-0.46577,0.83666,-0.27546,-0.92124,-0.27467,0.62728,0.044259,-0.77753,0.72845,-0.38648,0.56568,-0.27648,-0.96015,0.040933,-0.41731,0.081579,-0.9051,0.86569,-0.26732,-0.42323,-0.19286,-0.95627,-0.2199,0.30849,0.15365,-0.93874,0.93147,-0.24889,0.26536
-0.63633,-0.74617,-0.19576,0.71555,-0.4761,-0.51119,0.28824,-0.46536,0.83688,-0.27528,-0.92138,-0.27439,0.62733,0.044114,-0.7775,0.72848,-0.38616,0.56586,-0.2763,-0.96019,0.041071,-0.41715,0.081316,-0.90519,0.86582,-0.26723,-0.42301,-0.19275,-0.95632,-0.21977,0.30869,0.1535,-0.93869,0.93143,-0.24877,0.26562
-0.63607,-0.74643,-0.19559,0.71576,-0.47606,-0.51093,0.28827,-0.46498,0.83707,-0.27509,-0.92153,-0.27407,0.62756,0.04385,-0.77733,0.72835,-0.38583,0.56625,-0.27611,-0.96024,0.041271,-0.41692,0.080972,-0.90533,0.86599,-0.26718,-0.4227,-0.19262,-0.95639,-0.21958,0.30896,0.15328,-0.93864,0.93136,-0.24865,0.26596
-0.63589,-0.74664,-0.19539,0.7159,-0.47606,-0.51074,0.28832,-0.46466,0.83724,-0.27487,-0.92167,-0.2738,0.62774,0.043672,-0.7772,0.72828,-0.3855,0.56656,-0.27595,-0.96028,0.041385,-0.41686,0.080774,-0.90537,0.86607,-0.26709,-0.4226,-0.19244,-0.95645,-0.21945,0.30907,0.15318,-0.93862,0.93137,-0.24846,0.26613
-0.6357,-0.74685,-0.19518,0.71602,-0.47602,-0.51061,0.28844,-0.46435,0.83736,-0.27463,-0.92184,-0.2735,0.62784,0.043522,-0.77713,0.72829,-0.38513,0.56681,-0.27578,-0.96033,0.041458,-0.41674,0.080586,-0.90545,0.86618,-0.26698,-0.42243,-0.1923,-0.95652,-0.2193,0.30917,0.15304,-0.93861,0.93136,-0.24829,0.2663
-0.63553,-0.74701,-0.19511,0.71615,-0.47594,-0.5105,0.28849,-0.46417,0.83745,-0.27443,-0.92197,-0.27324,0.62791,0.043402,-0.77708,0.7283,-0.38482,0.567,-0.27559,-0.96038,0.041479,-0.41657,0.080429,-0.90554,0.86633,-0.26684,-0.42223,-0.19219,-0.95658,-0.21913,0.30925,0.15288,-0.93861,0.93136,-0.24816,0.26644
-0.63542,-0.74714,-0.195,0.71622,-0.47589,-0.51045,0.28858,-0.46401,0.83751,-0.27433,-0.92207,-0.27299,0.628,0.043204,-0.77701,0.72826,-0.38459,0.56721,-0.27545,-0.96042,0.04148,-0.41647,0.080332,-0.9056,0.86642,-0.26673,-0.42211,-0.19212,-0.95664,-0.21895,0.30934,0.1527,-0.93861,0.93134,-0.24805,0.26659
-0.63541,-0.74723,-0.19469,0.71618,-0.47604,-0.51037,0.28868,-0.46372,0.83763,-0.27431,-0.92216,-0.27273,0.62798,0.043006,-0.77704,0.72828,-0.38442,0.5673,-0.27535,-0.96044,0.041682,-0.41649,0.080102,-0.90561,0.86644,-0.26672,-0.42207,-0.19207,-0.95668,-0.21879,0.30936,0.15255,-0.93863,0.93135,-0.24796,0.26666
-0.63549,-0.74725,-0.19434,0.71608,-0.47626,-0.5103,0.28877,-0.46346,0.83775,-0.27436,-0.92219,-0.27256,0.62796,0.04284,-0.77707,0.72828,-0.38435,0.56734,-0.27531,-0.96044,0.042017,-0.41657,0.079792,-0.9056,0.86642,-0.26682,-0.42205,-0.19207,-0.95671,-0.21865,0.30959,0.15235,-0.93859,0.93127,-0.24796,0.26692
-0.63561,-0.74725,-0.19395,0.71591,-0.4765,-0.51032,0.28893,-0.46321,0.83783,-0.2744,-0.9222,-0.2725,0.62796,0.042767,-0.77707,0.72827,-0.38435,0.56737,-0.2753,-0.96043,0.042243,-0.4167,0.079616,-0.90555,0.86635,-0.2669,-0.42213,-0.19202,-0.95675,-0.21852,0.30967,0.15222,-0.93858,0.93125,-0.2479,0.26705
