-0.2781,-0.96054,0.004117,0.1465,-0.046649,-0.98811,0.94932,-0.27419,0.15369,-0.14296,-0.94351,-0.29893,0.19396,0.26947,-0.94327,0.97054,-0.19283,0.14448,-0.042534,-0.98678,-0.15639,-0.56275,0.153,-0.81234,0.82553,0.053457,-0.56182,-0.054957,-0.94712,-0.31613,0.20743,0.29887,-0.93148,0.9767,-0.11677,0.18004
-0.27797,-0.96058,0.0038713,0.14657,-0.046397,-0.98811,0.94934,-0.2741,0.15369,-0.14272,-0.94344,-0.29926,0.194,0.26982,-0.94316,0.97056,-0.19266,0.14452,-0.042326,-0.98676,-0.15655,-0.56244,0.15303,-0.81255,0.82575,0.053656,-0.56147,-0.05515,-0.94702,-0.31641,0.20696,0.29917,-0.93149,0.97679,-0.11686,0.1795
-0.27797,-0.96058,0.0036061,0.1466,-0.046132,-0.98812,0.94934,-0.27414,0.15364,-0.14259,-0.94336,-0.29957,0.19396,0.27016,-0.94307,0.97059,-0.19258,0.14445,-0.042321,-0.98673,-0.15677,-0.56218,0.15324,-0.8127,0.82593,0.053741,-0.5612,-0.055503,-0.94689,-0.31674,0.20655,0.29948,-0.93148,0.97686,-0.11712,0.17896
-0.27797,-0.96058,0.0034232,0.14656,-0.045931,-0.98814,0.94934,-0.27417,0.15355,-0.14252,-0.94328,-0.29985,0.19389,0.27047,-0.943,0.97062,-0.19253,0.14434,-0.042392,-0.98671,-0.15688,-0.56189,0.15339,-0.81287,0.82613,0.053692,-0.56092,-0.055863,-0.94678,-0.31698,0.20617,0.2997,-0.93149,0.97692,-0.11739,0.17846
-0.27809,-0.96055,0.0032899,0.14659,-0.045823,-0.98814,0.9493,-0.27431,0.15355,-0.14251,-0.94323,-0.30002,0.19393,0.27063,-0.94295,0.97061,-0.19257,0.14435,-0.042518,-0.98669,-0.15698,-0.56151,0.15356,-0.8131,0.82638,0.053577,-0.56056,-0.056192,-0.94671,-0.31716,0.2059,0.29984,-0.9315,0.97696,-0.11765,0.17808
-0.27831,-0.96049,0.0032435,0.14661,-0.045817,-0.98813,0.94924,-0.27453,0.15357,-0.14259,-0.94315,-0.30024,0.19387,0.27085,-0.9429,0.97061,-0.19265,0.14423,-0.042701,-0.98667,-0.15703,-0.56109,0.15373,-0.81335,0.82665,0.053377,-0.56018,-0.056532,-0.94662,-0.31737,0.20569,0.30001,-0.93149,0.97698,-0.11794,0.17775
-0.27854,-0.96042,0.0033264,0.14672,-0.045972,-0.98811,0.94915,-0.27474,0.15371,-0.14268,-0.94305,-0.30049,0.19382,0.2711,-0.94284,0.97061,-0.19276,0.1441,-0.042931,-0.98666,-0.15703,-0.56074,0.15388,-0.81357,0.82688,0.053128,-0.55986,-0.056883,-0.94654,-0.31754,0.20549,0.30014,-0.9315,0.977,-0.11824,0.17743
-0.27883,-0.96034,0.0033863,0.14707,-0.046184,-0.98805,0.94901,-0.275,0.15411,-0.14281,-0.94297,-0.30068,0.19393,0.27125,-0.94277,0.97057,-0.19294,0.14413,-0.043213,-0.98666,-0.15696,-0.56026,0.15401,-0.81388,0.82719,0.05277,-0.55944,-0.057256,-0.94647,-0.31767,0.20544,0.30021,-0.93149,0.97699,-0.11859,0.17725
-0.27917,-0.96023,0.0035012,0.14743,-0.046466,-0.98798,0.94886,-0.2753,0.15454,-0.143,-0.94289,-0.30084,0.19398,0.27136,-0.94273,0.97053,-0.19317,0.1441,-0.04356,-0.98667,-0.15681,-0.5599,0.1541,-0.81411,0.82742,0.052332,-0.55915,-0.057662,-0.94643,-0.31772,0.20532,0.30021,-0.93152,0.977,-0.11895,0.17701
-0.27955,-0.96012,0.0037942,0.14744,-0.046834,-0.98796,0.94874,-0.27562,0.15466,-0.14324,-0.94285,-0.30085,0.19376,0.27139,-0.94276,0.97053,-0.19334,0.14381,-0.043995,-0.98668,-0.15664,-0.55974,0.15421,-0.81419,0.8275,0.051856,-0.55907,-0.058112,-0.94643,-0.31763,0.20487,0.30009,-0.93165,0.97706,-0.11921,0.17646
-0.27999,-0.95999,0.0040172,0.14748,-0.047147,-0.98794,0.94861,-0.27602,0.15478,-0.14361,-0.94281,-0.30081,0.19357,0.27133,-0.94282,0.97052,-0.19363,0.14353,-0.044482,-0.98668,-0.15649,-0.55957,0.15438,-0.81428,0.82759,0.051348,-0.55898,-0.058664,-0.94644,-0.31751,0.2044,0.29993,-0.93181,0.97713,-0.11956,0.17586
-0.28059,-0.95982,0.003787,0.14776,-0.047094,-0.9879,0.94839,-0.27663,0.15504,-0.14393,-0.94266,-0.30112,0.19366,0.27157,-0.94273,0.97045,-0.19401,0.14347,-0.045121,-0.9866,-0.15677,-0.55912,0.15499,-0.81447,0.82786,0.050903,-0.55863,-0.059219,-0.94633,-0.31773,0.20422,0.30008,-0.9318,0.97713,-0.12007,0.17549
-0.28126,-0.95962,0.0036709,0.14804,-0.04717,-0.98786,0.94814,-0.2773,0.15533,-0.14423,-0.94256,-0.3013,0.19385,0.27167,-0.94267,0.97037,-0.19437,0.14354,-0.045782,-0.98655,-0.15692,-0.55863,0.15551,-0.81471,0.82815,0.050361,-0.55824,-0.059752,-0.94628,-0.31778,0.2041,0.30004,-0.93183,0.97712,-0.12054,0.17521
-0.28191,-0.95943,0.0036426,0.14822,-0.047303,-0.98782,0.94792,-0.27794,0.15554,-0.14451,-0.94249,-0.30138,0.19382,0.27172,-0.94266,0.97034,-0.19464,0.14341,-0.046396,-0.98651,-0.157,-0.55825,0.15595,-0.81488,0.82837,0.049841,-0.55795,-0.06031,-0.94627,-0.31771,0.20389,0.2999,-0.93193,0.97713,-0.12098,0.17485
-0.28245,-0.95927,0.0034882,0.14851,-0.047321,-0.98778,0.94772,-0.27848,0.15583,-0.14456,-0.94249,-0.30137,0.19386,0.27169,-0.94266,0.97032,-0.19469,0.14344,-0.046966,-0.98645,-0.15719,-0.55779,0.15644,-0.8151,0.82865,0.049397,-0.55758,-0.060791,-0.9462,-0.31783,0.2038,0.29994,-0.93193,0.97712,-0.12142,0.1746
-0.2831,-0.95909,0.003209,0.14903,-0.047294,-0.9877,0.94744,-0.27914,0.15632,-0.14464,-0.94243,-0.3015,0.19417,0.27175,-0.94258,0.97025,-0.19488,0.14368,-0.047541,-0.98637,-0.15751,-0.55712,0.15707,-0.81544,0.82907,0.048985,-0.557,-0.06127,-0.94609,-0.31807,0.20401,0.30007,-0.93185,0.97705,-0.12198,0.17463
-0.2836,-0.95894,0.0030547,0.14942,-0.047336,-0.98764,0.94723,-0.27964,0.15671,-0.14478,-0.94235,-0.30167,0.19444,0.27184,-0.94249,0.97017,-0.19511,0.14387,-0.048013,-0.98632,-0.1577,-0.5565,0.15752,-0.81578,0.82946,0.048591,-0.55645,-0.061705,-0.94603,-0.31814,0.20417,0.30004,-0.93182,0.97699,-0.12245,0.17464
-0.28404,-0.95881,0.0031521,0.1498,-0.047625,-0.98757,0.94704,-0.28004,0.15716,-0.14484,-0.94234,-0.30168,0.19483,0.27176,-0.94244,0.97008,-0.19528,0.14423,-0.048381,-0.98632,-0.15758,-0.55585,0.15767,-0.81619,0.82987,0.048105,-0.55587,-0.062081,-0.94605,-0.31801,0.20438,0.29982,-0.93184,0.97692,-0.12285,0.17474
-0.2844,-0.9587,0.0031431,0.15017,-0.047786,-0.9875,0.94687,-0.28037,0.15756,-0.14488,-0.94229,-0.30184,0.1951,0.27187,-0.94235,0.97002,-0.19541,0.14446,-0.048733,-0.98631,-0.15751,-0.55521,0.15784,-0.81659,0.83028,0.047658,-0.55531,-0.06246,-0.94601,-0.31807,0.20454,0.2998,-0.93182,0.97686,-0.12326,0.17477
-0.28473,-0.9586,0.0031977,0.15057,-0.048015,-0.98743,0.94671,-0.28067,0.158,-0.14493,-0.94222,-0.30203,0.19524,0.27201,-0.94228,0.96999,-0.19554,0.14454,-0.049028,-0.98631,-0.15747,-0.55458,0.15801,-0.81699,0.83069,0.047275,-0.55473,-0.062741,-0.94595,-0.31819,0.20474,0.29984,-0.93176,0.9768,-0.12361,0.17486
-0.28468,-0.95862,0.0035257,0.1512,-0.048531,-0.98731,0.94663,-0.28053,0.15876,-0.14495,-0.94222,-0.30202,0.19547,0.27196,-0.94225,0.96994,-0.19562,0.14475,-0.049271,-0.98634,-0.15715,-0.55396,0.15791,-0.81743,0.83108,0.046781,-0.55418,-0.063011,-0.94597,-0.31806,0.20483,0.29965,-0.9318,0.97677,-0.12386,0.17488
-0.2847,-0.95861,0.0038616,0.15178,-0.049054,-0.9872,0.94652,-0.28047,0.15946,-0.14501,-0.94221,-0.30202,0.19578,0.27189,-0.9422,0.96987,-0.19576,0.14504,-0.049552,-0.98637,-0.15689,-0.55335,0.15788,-0.81785,0.83148,0.046289,-0.55363,-0.063331,-0.946,-0.31793,0.20499,0.29944,-0.93183,0.97671,-0.12419,0.17496
-0.28461,-0.95864,0.0041059,0.15226,-0.049433,-0.9871,0.94647,-0.28031,0.16003,-0.14505,-0.94217,-0.30211,0.19593,0.27195,-0.94216,0.96983,-0.19586,0.14515,-0.04973,-0.98639,-0.1567,-0.55288,0.15785,-0.81817,0.83178,0.045948,-0.55321,-0.06366,-0.94599,-0.3179,0.20504,0.29935,-0.93185,0.97668,-0.1245,0.17491
-0.2844,-0.9587,0.0043944,0.15273,-0.049831,-0.98701,0.94646,-0.28003,0.16059,-0.14504,-0.94216,-0.30216,0.19613,0.27195,-0.94211,0.96979,-0.19591,0.14534,-0.049888,-0.98644,-0.15635,-0.55243,0.15767,-0.81851,0.83207,0.045539,-0.5528,-0.063943,-0.94599,-0.31782,0.20497,0.29923,-0.93191,0.97668,-0.12473,0.17476
-0.28445,-0.95868,0.0048063,0.15298,-0.050338,-0.98695,0.94641,-0.28,0.16098,-0.14497,-0.94221,-0.30203,0.19628,0.2718,-0.94213,0.96977,-0.19586,0.14553,-0.049969,-0.98651,-0.15589,-0.55196,0.15736,-0.81889,0.83237,0.045129,-0.55238,-0.064154,-0.94606,-0.31756,0.2049,0.29895,-0.93201,0.97668,-0.12486,0.17467
-0.28449,-0.95866,0.0051651,0.15315,-0.050765,-0.9869,0.94637,-0.27998,0.16126,-0.14491,-0.94225,-0.30194,0.19641,0.27169,-0.94213,0.96976,-0.19583,0.14569,-0.04992,-0.98661,-0.15528,-0.55144,0.15685,-0.81933,0.83272,0.044725,-0.55189,-0.064367,-0.94611,-0.3174,0.2049,0.29875,-0.93208,0.97666,-0.12503,0.17463
-0.28445,-0.95868,0.0054431,0.1533,-0.05109,-0.98686,0.94635,-0.27988,0.1615,-0.14481,-0.94229,-0.30185,0.19649,0.27161,-0.94214,0.96975,-0.19574,0.14582,-0.049812,-0.98671,-0.15468,-0.55095,0.15632,-0.81977,0.83305,0.044386,-0.55141,-0.06452,-0.94616,-0.3172,0.20485,0.29853,-0.93216,0.97667,-0.12512,0.17456
-0.2845,-0.95866,0.0056445,0.15357,-0.051385,-0.9868,0.9463,-0.27988,0.16184,-0.14472,-0.94232,-0.30181,0.19658,0.27156,-0.94213,0.96975,-0.19568,0.14594,-0.049751,-0.9868,-0.15411,-0.55033,0.15585,-0.82027,0.83347,0.044003,-0.55082,-0.064742,-0.94618,-0.31709,0.20499,0.29837,-0.93218,0.97662,-0.12535,0.17464
-0.2845,-0.95866,0.0057736,0.15386,-0.051603,-0.98674,0.94625,-0.27984,0.16218,-0.14464,-0.94236,-0.30172,0.1967,0.27146,-0.94214,0.96974,-0.19562,0.1461,-0.049638,-0.98688,-0.15361,-0.54975,0.15541,-0.82075,0.83385,0.043709,-0.55025,-0.064962,-0.94621,-0.31697,0.20502,0.29821,-0.93222,0.9766,-0.12554,0.17462
-0.28456,-0.95864,0.0058839,0.15408,-0.051792,-0.9867,0.9462,-0.27987,0.16244,-0.14459,-0.94236,-0.30174,0.1967,0.27149,-0.94213,0.96975,-0.19557,0.14611,-0.049582,-0.98692,-0.1534,-0.54927,0.15522,-0.8211,0.83417,0.043546,-0.54979,-0.065135,-0.94623,-0.31688,0.20502,0.29809,-0.93226,0.97659,-0.12569,0.17458
-0.28451,-0.95866,0.0058911,0.15434,-0.051869,-0.98665,0.94617,-0.2798,0.16272,-0.14454,-0.94232,-0.30189,0.19673,0.27164,-0.94208,0.96975,-0.19555,0.14612,-0.049536,-0.98693,-0.15337,-0.54875,0.1552,-0.82146,0.83452,0.043469,-0.54926,-0.065304,-0.9462,-0.31693,0.20501,0.29811,-0.93226,0.97658,-0.12585,0.17451
-0.28454,-0.95865,0.0058849,0.15468,-0.051969,-0.9866,0.9461,-0.27982,0.16307,-0.14444,-0.9423,-0.30199,0.19686,0.27173,-0.94203,0.96973,-0.19552,0.14625,-0.049459,-0.98694,-0.1533,-0.54826,0.15512,-0.8218,0.83485,0.043404,-0.54877,-0.065438,-0.94618,-0.31695,0.20496,0.29811,-0.93227,0.97658,-0.12597,0.17442
-0.28465,-0.95861,0.0057445,0.15496,-0.051926,-0.98655,0.94602,-0.27993,0.16333,-0.14442,-0.94225,-0.30216,0.19695,0.27188,-0.94196,0.96972,-0.19555,0.14631,-0.049427,-0.98694,-0.15334,-0.54771,0.15517,-0.82215,0.83521,0.043351,-0.54822,-0.065707,-0.94614,-0.31703,0.20488,0.29815,-0.93227,0.97658,-0.12621,0.17425
-0.28471,-0.9586,0.0054293,0.1553,-0.051712,-0.98651,0.94595,-0.28003,0.16359,-0.14436,-0.94221,-0.30234,0.19708,0.27204,-0.94189,0.9697,-0.19556,0.14642,-0.049324,-0.98692,-0.15351,-0.54716,0.15528,-0.8225,0.83557,0.043426,-0.54766,-0.065976,-0.94606,-0.3172,0.20479,0.29829,-0.93225,0.97658,-0.12647,0.17407
-0.2848,-0.95857,0.0050256,0.15561,-0.051406,-0.98648,0.94587,-0.28017,0.16381,-0.14432,-0.94215,-0.30253,0.19721,0.27222,-0.94181,0.96968,-0.19558,0.14652,-0.049238,-0.98686,-0.15392,-0.5466,0.1556,-0.82281,0.83594,0.043619,-0.54708,-0.06622,-0.94597,-0.31744,0.20466,0.29849,-0.93221,0.97659,-0.1267,0.17384
-0.28485,-0.95856,0.0044101,0.15601,-0.050899,-0.98644,0.94579,-0.2803,0.16404,-0.14426,-0.94208,-0.30278,0.19736,0.27244,-0.94171,0.96966,-0.19561,0.14663,-0.049138,-0.98679,-0.15437,-0.54595,0.15596,-0.82317,0.83637,0.043833,-0.54641,-0.066437,-0.94587,-0.31769,0.20464,0.2987,-0.93215,0.97658,-0.12694,0.17372
-0.28498,-0.95853,0.0038531,0.15643,-0.050474,-0.9864,0.94568,-0.2805,0.16433,-0.14414,-0.94203,-0.30301,0.19767,0.27262,-0.9416,0.96961,-0.19561,0.14692,-0.049083,-0.98673,-0.15478,-0.54524,0.15631,-0.82358,0.83684,0.043968,-0.54567,-0.066586,-0.94577,-0.31795,0.20476,0.29893,-0.93205,0.97655,-0.12717,0.17375
-0.28504,-0.95851,0.0032912,0.15685,-0.05003,-0.98635,0.9456,-0.28063,0.1646,-0.14405,-0.94195,-0.3033,0.19784,0.27289,-0.94148,0.96959,-0.19562,0.14704,-0.049017,-0.98667,-0.15517,-0.54462,0.15663,-0.82392,0.83725,0.044124,-0.54504,-0.066745,-0.94565,-0.31826,0.2047,0.29921,-0.93197,0.97655,-0.12735,0.1736
-0.28513,-0.95848,0.0027596,0.15733,-0.049643,-0.9863,0.94549,-0.28079,0.16496,-0.14391,-0.94188,-0.30358,0.19805,0.27315,-0.94136,0.96957,-0.1956,0.14723,-0.048922,-0.98661,-0.15559,-0.54399,0.15696,-0.82428,0.83767,0.044313,-0.54438,-0.066398,-0.94559,-0.31852,0.20479,0.29951,-0.93185,0.97655,-0.1271,0.17376
-0.28531,-0.95843,0.0021956,0.15801,-0.049296,-0.98621,0.94532,-0.28103,0.16551,-0.14383,-0.94178,-0.30391,0.19843,0.27342,-0.9412,0.9695,-0.19568,0.14756,-0.048739,-0.98659,-0.15579,-0.54314,0.15708,-0.82482,0.83823,0.044414,-0.54351,-0.066532,-0.94546,-0.31888,0.20492,0.29983,-0.93172,0.97651,-0.12734,0.1738
-0.28549,-0.95838,0.0017246,0.1586,-0.049021,-0.98612,0.94517,-0.28125,0.166,-0.14369,-0.94171,-0.30418,0.19864,0.27367,-0.94109,0.96948,-0.19565,0.14774,-0.048561,-0.98657,-0.15597,-0.54243,0.15717,-0.82527,0.8387,0.044527,-0.54277,-0.066649,-0.94536,-0.31914,0.20495,0.30006,-0.93164,0.9765,-0.1275,0.17375
-0.28571,-0.95832,0.0012587,0.15927,-0.04878,-0.98603,0.94499,-0.28152,0.16657,-0.14364,-0.94164,-0.30445,0.19892,0.27389,-0.94097,0.96943,-0.19572,0.14797,-0.04842,-0.98655,-0.15614,-0.54173,0.15727,-0.82571,0.83916,0.044604,-0.54206,-0.066764,-0.94527,-0.31938,0.20496,0.30028,-0.93157,0.97649,-0.12766,0.17369
-0.2859,-0.95826,0.00075349,0.15995,-0.048496,-0.98593,0.94482,-0.28175,0.16714,-0.14356,-0.94156,-0.30474,0.19925,0.27412,-0.94083,0.96938,-0.19579,0.14825,-0.048285,-0.98653,-0.15628,-0.54105,0.15735,-0.82614,0.8396,0.044665,-0.54136,-0.066844,-0.94516,-0.3197,0.20495,0.30057,-0.93148,0.97649,-0.12778,0.17361
-0.28614,-0.95819,0.00018212,0.1606,-0.048147,-0.98584,0.94463,-0.28207,0.16766,-0.14346,-0.94147,-0.30504,0.19964,0.27436,-0.94068,0.96931,-0.19585,0.14859,-0.048098,-0.98651,-0.15646,-0.54029,0.15744,-0.82662,0.8401,0.044774,-0.54057,-0.066941,-0.94503,-0.32005,0.20497,0.3009,-0.93137,0.97648,-0.12795,0.17356
-0.28647,-0.95809,-0.00048411,0.16111,-0.047676,-0.98578,0.94444,-0.28248,0.16802,-0.14344,-0.94138,-0.30533,0.1999,0.2746,-0.94055,0.96926,-0.19595,0.14879,-0.047962,-0.98647,-0.15678,-0.53954,0.15768,-0.82706,0.84059,0.044921,-0.5398,-0.06714,-0.94491,-0.32037,0.20496,0.30119,-0.93128,0.97646,-0.12819,0.17345
-0.2867,-0.95802,-0.0011567,0.16164,-0.047183,-0.98572,0.94429,-0.28279,0.16838,-0.14336,-0.94129,-0.30563,0.2002,0.27486,-0.94041,0.96921,-0.19601,0.14904,-0.047774,-0.98642,-0.15713,-0.53875,0.15791,-0.82753,0.84111,0.04512,-0.53898,-0.067284,-0.94479,-0.32071,0.20503,0.30148,-0.93117,0.97644,-0.12841,0.17342
-0.28675,-0.958,-0.001695,0.16197,-0.046738,-0.98569,0.94421,-0.28293,0.16857,-0.14332,-0.94126,-0.30577,0.20035,0.27497,-0.94035,0.96919,-0.19603,0.14917,-0.047675,-0.98636,-0.15752,-0.53818,0.15822,-0.82785,0.84148,0.045307,-0.53838,-0.067344,-0.94469,-0.32097,0.20489,0.30175,-0.93111,0.97647,-0.12847,0.17324
-0.28682,-0.95798,-0.0021918,0.16243,-0.046376,-0.98563,0.94411,-0.28306,0.1689,-0.14315,-0.94123,-0.30593,0.20039,0.27515,-0.94029,0.9692,-0.1959,0.14923,-0.04752,-0.98631,-0.1579,-0.53758,0.15848,-0.82818,0.84187,0.045529,-0.53776,-0.067465,-0.94459,-0.32124,0.20483,0.30201,-0.93104,0.97647,-0.12861,0.1731
-0.28676,-0.958,-0.0024927,0.16292,-0.046204,-0.98556,0.94405,-0.28303,0.16933,-0.14285,-0.94126,-0.30599,0.20056,0.27522,-0.94023,0.96921,-0.19569,0.14946,-0.047253,-0.9863,-0.15802,-0.53695,0.15848,-0.82859,0.84229,0.045699,-0.53709,-0.067469,-0.94455,-0.32137,0.20474,0.30214,-0.93102,0.97649,-0.12861,0.173
-0.28663,-0.95804,-0.0027016,0.16355,-0.046153,-0.98545,0.94398,-0.2829,0.16992,-0.14267,-0.94127,-0.30605,0.20086,0.27524,-0.94016,0.96918,-0.1956,0.14979,-0.046959,-0.98631,-0.15809,-0.53629,0.15841,-0.82903,0.84272,0.045852,-0.53639,-0.067436,-0.94453,-0.32142,0.20479,0.30219,-0.93099,0.97648,-0.12861,0.17306
-0.28659,-0.95805,-0.0029911,0.16413,-0.046022,-0.98536,0.94389,-0.28289,0.17043,-0.1426,-0.9412,-0.30627,0.20119,0.27541,-0.94004,0.96912,-0.19567,0.15008,-0.046767,-0.9863,-0.15818,-0.53564,0.15843,-0.82945,0.84315,0.045938,-0.53571,-0.067495,-0.94445,-0.32165,0.20485,0.3024,-0.93091,0.97646,-0.12872,0.17306
-0.28655,-0.95806,-0.0032008,0.16484,-0.04601,-0.98525,0.94378,-0.28285,0.17111,-0.14247,-0.94122,-0.30629,0.20163,0.27536,-0.93996,0.96905,-0.19567,0.15054,-0.04656,-0.9863,-0.15825,-0.53492,0.15841,-0.82992,0.84362,0.046009,-0.53496,-0.067473,-0.94441,-0.32176,0.20498,0.30249,-0.93085,0.97644,-0.12876,0.17318
-0.28636,-0.95812,-0.0034986,0.16514,-0.045759,-0.98521,0.94378,-0.2827,0.17133,-0.14235,-0.94118,-0.30645,0.20192,0.27547,-0.93986,0.969,-0.19567,0.15083,-0.046284,-0.98627,-0.15849,-0.53431,0.1585,-0.8303,0.84402,0.046254,-0.53431,-0.067517,-0.94435,-0.32193,0.20501,0.30265,-0.93079,0.97643,-0.12884,0.17317
-0.28617,-0.95817,-0.0038017,0.16545,-0.045507,-0.98517,0.94378,-0.28256,0.17156,-0.14219,-0.94112,-0.30671,0.20216,0.27572,-0.93974,0.96898,-0.19563,0.15105,-0.045981,-0.98625,-0.15872,-0.53366,0.15857,-0.8307,0.84445,0.046505,-0.53361,-0.067524,-0.94427,-0.32216,0.20504,0.30287,-0.93071,0.97642,-0.1289,0.17316
-0.28617,-0.95817,-0.0041767,0.16622,-0.045349,-0.98505,0.94365,-0.28259,0.17224,-0.14198,-0.94106,-0.30698,0.20248,0.27596,-0.9396,0.96894,-0.19556,0.15136,-0.045735,-0.98622,-0.15899,-0.53293,0.1587,-0.83114,0.84492,0.046718,-0.53285,-0.067522,-0.94421,-0.32235,0.20525,0.30303,-0.93061,0.97638,-0.129,0.17334
-0.28598,-0.95822,-0.0045477,0.16655,-0.045031,-0.985,0.94365,-0.28245,0.17247,-0.14169,-0.94103,-0.30723,0.20274,0.2762,-0.93947,0.96893,-0.1954,0.15165,-0.045449,-0.98618,-0.15931,-0.53224,0.15886,-0.83155,0.84537,0.046997,-0.53211,-0.067524,-0.94414,-0.32256,0.20537,0.30322,-0.93053,0.97635,-0.12908,0.17342
-0.28554,-0.95835,-0.0049159,0.16721,-0.044767,-0.9849,0.94367,-0.28205,0.17303,-0.14148,-0.94097,-0.30749,0.20292,0.27645,-0.93936,0.96892,-0.1953,0.15183,-0.045153,-0.98614,-0.15964,-0.5315,0.15902,-0.832,0.84586,0.047281,-0.53131,-0.067529,-0.94406,-0.32278,0.20547,0.30342,-0.93044,0.97633,-0.12915,0.17349
-0.28502,-0.95851,-0.0051528,0.16775,-0.04459,-0.98482,0.94373,-0.28156,0.1735,-0.1413,-0.94094,-0.30769,0.20293,0.27668,-0.93929,0.96895,-0.19516,0.15185,-0.044859,-0.98611,-0.15989,-0.53084,0.15912,-0.8324,0.84629,0.047538,-0.53061,-0.067489,-0.94401,-0.32295,0.20548,0.3036,-0.93038,0.97633,-0.12915,0.17349
-0.28437,-0.9587,-0.0052675,0.16827,-0.044501,-0.98474,0.94383,-0.28092,0.17397,-0.14111,-0.94092,-0.30783,0.20304,0.27683,-0.93922,0.96895,-0.19503,0.15198,-0.044487,-0.98611,-0.16,-0.5302,0.15905,-0.83282,0.8467,0.047784,-0.52992,-0.067398,-0.94399,-0.32301,0.20561,0.30365,-0.93033,0.97631,-0.12912,0.17363
-0.2837,-0.9589,-0.0053192,0.16884,-0.04449,-0.98464,0.94393,-0.28024,0.17452,-0.141,-0.94089,-0.30798,0.20323,0.27696,-0.93914,0.96892,-0.19501,0.15217,-0.043997,-0.98613,-0.16004,-0.52951,0.15886,-0.8333,0.84716,0.048078,-0.52915,-0.06736,-0.94399,-0.32303,0.20565,0.30368,-0.93032,0.97631,-0.1291,0.17367
-0.28301,-0.9591,-0.0053383,0.16938,-0.044498,-0.98455,0.94404,-0.27954,0.17504,-0.14088,-0.94083,-0.30819,0.20343,0.27715,-0.93905,0.9689,-0.19499,0.15235,-0.043288,-0.98619,-0.15985,-0.52884,0.15836,-0.83381,0.84761,0.04844,-0.5284,-0.067313,-0.94395,-0.32315,0.20564,0.30381,-0.93028,0.97631,-0.12907,0.17366
-0.2823,-0.95931,-0.0053844,0.16997,-0.044491,-0.98444,0.94415,-0.27882,0.17561,-0.14081,-0.94077,-0.30841,0.20358,0.27734,-0.93895,0.96888,-0.195,0.15247,-0.042578,-0.98624,-0.15971,-0.52817,0.15791,-0.83432,0.84807,0.048832,-0.52763,-0.067214,-0.94392,-0.32325,0.20574,0.30391,-0.93022,0.9763,-0.12903,0.17377
-0.28158,-0.95952,-0.005585,0.17062,-0.044342,-0.98434,0.94425,-0.27813,0.1762,-0.14077,-0.94069,-0.30869,0.20386,0.27758,-0.93883,0.96883,-0.19509,0.15269,-0.041968,-0.98628,-0.15967,-0.52738,0.1576,-0.83488,0.84859,0.049169,-0.52676,-0.066851,-0.94392,-0.32335,0.2059,0.30405,-0.93014,0.97629,-0.12876,0.17402
-0.28076,-0.95976,-0.0058935,0.1709,-0.043949,-0.98431,0.94444,-0.27736,0.17636,-0.14084,-0.94062,-0.30887,0.204,0.27771,-0.93875,0.96879,-0.19523,0.15277,-0.041418,-0.98631,-0.1596,-0.5268,0.15729,-0.83531,0.84898,0.04948,-0.52611,-0.066898,-0.94387,-0.32347,0.20581,0.30417,-0.93012,0.9763,-0.1288,0.17391
-0.28001,-0.95998,-0.0061229,0.17088,-0.043565,-0.98433,0.94467,-0.27667,0.17624,-0.141,-0.94054,-0.30904,0.20421,0.27782,-0.93868,0.96872,-0.19546,0.1529,-0.041118,-0.98629,-0.15984,-0.52624,0.15736,-0.83565,0.84934,0.049752,-0.52549,-0.067015,-0.94382,-0.3236,0.20577,0.30428,-0.93009,0.9763,-0.12892,0.17382
-0.27932,-0.96018,-0.0064046,0.17026,-0.042964,-0.98446,0.94498,-0.27607,0.17548,-0.14105,-0.94051,-0.3091,0.20428,0.27785,-0.93865,0.9687,-0.19554,0.15294,-0.040585,-0.98627,-0.1601,-0.52582,0.15734,-0.83592,0.84962,0.050261,-0.52499,-0.067075,-0.94376,-0.32375,0.2056,0.30445,-0.93008,0.97633,-0.12895,0.17362
-0.27807,-0.96054,-0.0065028,0.16937,-0.042365,-0.98464,0.94551,-0.2749,0.17446,-0.14113,-0.9405,-0.3091,0.2043,0.27784,-0.93865,0.96868,-0.19563,0.15293,-0.039626,-0.98627,-0.16029,-0.52533,0.15702,-0.83629,0.84998,0.051066,-0.52434,-0.066751,-0.94377,-0.3238,0.20559,0.30455,-0.93004,0.97636,-0.12865,0.1737
-0.27641,-0.96102,-0.0067183,0.16861,-0.041612,-0.9848,0.94613,-0.27334,0.17354,-0.14142,-0.9404,-0.30927,0.20447,0.27793,-0.93859,0.9686,-0.19597,0.15298,-0.038142,-0.9863,-0.16048,-0.52472,0.15644,-0.83677,0.85042,0.052292,-0.5235,-0.066814,-0.94373,-0.32391,0.20567,0.30464,-0.93,0.97634,-0.12876,0.17374
-0.27419,-0.96165,-0.0069707,0.168,-0.040761,-0.98494,0.94689,-0.27123,0.17273,-0.14197,-0.94021,-0.3096,0.20493,0.27808,-0.93845,0.96843,-0.19668,0.15319,-0.036037,-0.98636,-0.16058,-0.52411,0.15547,-0.83734,0.85089,0.05399,-0.52257,-0.066786,-0.94367,-0.32407,0.20575,0.30479,-0.92993,0.97632,-0.12878,0.17381
-0.27156,-0.9624,-0.0072333,0.16741,-0.039833,-0.98508,0.94775,-0.26872,0.17193,-0.14239,-0.94,-0.31004,0.20552,0.27833,-0.93824,0.96824,-0.19731,0.15356,-0.033542,-0.98646,-0.16056,-0.52347,0.1542,-0.83797,0.85138,0.055943,-0.52155,-0.06664,-0.94364,-0.32419,0.20589,0.30491,-0.92986,0.9763,-0.12871,0.17397
-0.26877,-0.96318,-0.0075783,0.16665,-0.03875,-0.98525,0.94868,-0.26607,0.17093,-0.14288,-0.93975,-0.31058,0.20593,0.2787,-0.93804,0.96808,-0.19799,0.1537,-0.030685,-0.98655,-0.16055,-0.52287,0.15274,-0.83862,0.85186,0.058212,-0.52053,-0.066463,-0.94361,-0.32433,0.20591,0.30508,-0.9298,0.97631,-0.12858,0.17402
-0.2657,-0.96402,-0.0082017,0.16565,-0.037272,-0.98548,0.94972,-0.2632,0.16959,-0.14328,-0.93947,-0.31124,0.20647,0.27919,-0.93778,0.96791,-0.19862,0.15397,-0.027667,-0.98661,-0.16071,-0.52232,0.15135,-0.83921,0.8523,0.060725,-0.51951,-0.066158,-0.94354,-0.32459,0.20586,0.3054,-0.92971,0.97634,-0.12833,0.17403
-0.26253,-0.96488,-0.0091123,0.16465,-0.035489,-0.98571,0.95077,-0.26028,0.16818,-0.14328,-0.93929,-0.31179,0.20758,0.27951,-0.93743,0.96767,-0.19903,0.15493,-0.024388,-0.98665,-0.16101,-0.5216,0.14996,-0.83991,0.85284,0.063501,-0.5183,-0.065771,-0.94345,-0.32492,0.20594,0.30578,-0.92956,0.97635,-0.12805,0.17419
-0.25925,-0.96576,-0.010323,0.1639,-0.033458,-0.98591,0.9518,-0.25729,0.16696,-0.14301,-0.93917,-0.31227,0.20927,0.27968,-0.93701,0.96734,-0.19935,0.15654,-0.02066,-0.98664,-0.16162,-0.52067,0.14862,-0.84072,0.85351,0.06678,-0.51678,-0.064996,-0.94337,-0.32531,0.20627,0.30626,-0.92933,0.97633,-0.1275,0.17468
-0.25515,-0.96683,-0.011801,0.16286,-0.030941,-0.98616,0.95309,-0.25354,0.16535,-0.14265,-0.93905,-0.31278,0.21042,0.28002,-0.93665,0.96715,-0.19943,0.15765,-0.016711,-0.98664,-0.16206,-0.51988,0.14703,-0.84149,0.85407,0.070191,-0.51539,-0.064071,-0.94324,-0.32586,0.20641,0.30695,-0.92907,0.97637,-0.12679,0.17503
-0.25054,-0.96801,-0.013623,0.16207,-0.028065,-0.98638,0.95444,-0.24933,0.16392,-0.14242,-0.93891,-0.31331,0.21103,0.28045,-0.93638,0.96705,-0.19948,0.1582,-0.012056,-0.98662,-0.16258,-0.51894,0.14515,-0.8424,0.85473,0.074211,-0.51374,-0.063195,-0.94305,-0.3266,0.20673,0.30779,-0.92872,0.97636,-0.12621,0.1755
-0.24514,-0.96936,-0.015805,0.1616,-0.02478,-0.98655,0.95593,-0.24439,0.16272,-0.1421,-0.93878,-0.31384,0.21105,0.28104,-0.9362,0.96709,-0.19927,0.15819,-0.0063458,-0.98656,-0.16331,-0.51799,0.14293,-0.84336,0.85537,0.079238,-0.51193,-0.062098,-0.94283,-0.32744,0.20713,0.30876,-0.92831,0.97634,-0.12547,0.17612
-0.23912,-0.97081,-0.018401,0.16118,-0.020998,-0.9867,0.95752,-0.23891,0.16149,-0.14181,-0.93857,-0.31461,0.2104,0.28198,-0.93606,0.96727,-0.19894,0.15749,8.5943e-05,-0.98639,-0.16439,-0.51712,0.14066,-0.84428,0.85591,0.085084,-0.51007,-0.060785,-0.94256,-0.32845,0.2074,0.30995,-0.92786,0.97637,-0.12452,0.17665
-0.23197,-0.97249,-0.021418,0.16053,-0.016557,-0.98689,0.95938,-0.23237,0.15996,-0.14166,-0.93834,-0.31537,0.20956,0.28293,-0.93597,0.96748,-0.19867,0.15656,0.007837,-0.98611,-0.16589,-0.51639,0.13807,-0.84515,0.85632,0.092287,-0.50814,-0.059271,-0.94231,-0.32945,0.20757,0.31118,-0.92741,0.97642,-0.12335,0.17715
-0.22482,-0.97408,-0.024898,0.16008,-0.011717,-0.98704,0.96116,-0.2259,0.15856,-0.14167,-0.93801,-0.31633,0.20849,0.28411,-0.93585,0.96771,-0.19853,0.15532,0.015781,-0.98572,-0.16768,-0.51561,0.13566,-0.84601,0.85668,0.099809,-0.50611,-0.057794,-0.94201,-0.33058,0.20771,0.31254,-0.92692,0.97648,-0.12224,0.1776
-0.21792,-0.97555,-0.028634,0.15955,-0.0066661,-0.98717,0.96284,-0.21969,0.1571,-0.1414,-0.93764,-0.31754,0.20759,0.28555,-0.93561,0.96794,-0.19821,0.15427,0.023531,-0.98521,-0.16973,-0.51489,0.13358,-0.84679,0.85694,0.10732,-0.50413,-0.05635,-0.94156,-0.33208,0.2077,0.31428,-0.92633,0.97657,-0.12117,0.17786
-0.21071,-0.977,-0.032667,0.15867,-0.0012073,-0.98733,0.96459,-0.21322,0.15527,-0.14077,-0.93735,-0.31869,0.20669,0.28698,-0.93537,0.96823,-0.19754,0.15334,0.0318,-0.98454,-0.17225,-0.51407,0.13169,-0.84758,0.85716,0.1155,-0.50194,-0.054733,-0.94106,-0.33378,0.2077,0.31624,-0.92566,0.97666,-0.11999,0.17815
-0.20375,-0.97832,-0.03724,0.15827,0.0046246,-0.98739,0.96615,-0.20707,0.15389,-0.13965,-0.93706,-0.32003,0.2056,0.28871,-0.93508,0.96862,-0.19638,0.15235,0.039868,-0.98375,-0.17507,-0.51286,0.13023,-0.84854,0.85755,0.12362,-0.49933,-0.053173,-0.94043,-0.33581,0.20782,0.3185,-0.92486,0.97672,-0.11897,0.1785
-0.19654,-0.97959,-0.042146,0.158,0.010781,-0.98738,0.96768,-0.20072,0.15265,-0.13791,-0.93693,-0.32115,0.20427,0.29037,-0.93486,0.96915,-0.19453,0.15134,0.048289,-0.98282,-0.17814,-0.51161,0.12884,-0.8495,0.85786,0.13216,-0.4966,-0.051552,-0.93978,-0.33788,0.20776,0.32083,-0.92407,0.97682,-0.11784,0.17871
-0.1893,-0.98077,-0.047467,0.15811,0.017264,-0.98727,0.96911,-0.19439,0.1518,-0.13587,-0.93683,-0.32231,0.2024,0.29221,-0.93469,0.96983,-0.19223,0.14992,0.056975,-0.98173,-0.18154,-0.51024,0.12766,-0.8505,0.85814,0.14109,-0.49365,-0.049911,-0.93908,-0.34007,0.20766,0.32329,-0.92323,0.97693,-0.1167,0.17887
-0.18199,-0.98186,-0.053181,0.15836,0.024111,-0.98709,0.97046,-0.18806,0.1511,-0.13304,-0.9368,-0.32358,0.1995,0.29448,-0.9346,0.97082,-0.1889,0.14772,0.065889,-0.98047,-0.18531,-0.5089,0.12672,-0.85145,0.8583,0.1504,-0.49061,-0.048311,-0.93826,-0.34253,0.20743,0.32603,-0.92232,0.97706,-0.11561,0.17887
-0.17467,-0.98285,-0.059102,0.15849,0.031178,-0.98687,0.97179,-0.18174,0.15032,-0.12991,-0.93678,-0.32492,0.19561,0.29704,-0.93461,0.97204,-0.18497,0.14465,0.074973,-0.97905,-0.1893,-0.50762,0.12593,-0.85233,0.85831,0.16,-0.48755,-0.046676,-0.93737,-0.34518,0.20703,0.32898,-0.92136,0.97722,-0.11447,0.17871
-0.16755,-0.98371,-0.065195,0.15857,0.038378,-0.9866,0.97303,-0.17565,0.14956,-0.12708,-0.93669,-0.32628,0.19144,0.2996,-0.93466,0.97324,-0.18124,0.14125,0.083907,-0.97751,-0.19347,-0.50639,0.12539,-0.85314,0.85821,0.16956,-0.48449,-0.045105,-0.93638,-0.34809,0.20649,0.33218,-0.92034,0.97741,-0.11339,0.17837
-0.16069,-0.98442,-0.07132,0.15867,0.045554,-0.98628,0.97417,-0.1698,0.14888,-0.12368,-0.93664,-0.32773,0.1871,0.30233,-0.93466,0.97452,-0.17691,0.13785,0.092494,-0.97589,-0.19771,-0.50517,0.12512,-0.8539,0.85805,0.17886,-0.48141,-0.043416,-0.93533,-0.3511,0.20582,0.33552,-0.91927,0.97763,-0.11218,0.17794
-0.15444,-0.98496,-0.077425,0.15881,0.052598,-0.98591,0.97515,-0.16456,0.1483,-0.11993,-0.93652,-0.32946,0.1826,0.30539,-0.93456,0.97584,-0.17224,0.13439,0.10039,-0.9742,-0.20213,-0.50404,0.12536,-0.85453,0.85783,0.18767,-0.47845,-0.041657,-0.93423,-0.35424,0.20494,0.33902,-0.91819,0.97789,-0.11085,0.17734
-0.149,-0.98531,-0.083416,0.15911,0.059369,-0.98547,0.97595,-0.16011,0.14793,-0.11621,-0.93638,-0.33118,0.17829,0.30836,-0.93441,0.97709,-0.16763,0.13112,0.10743,-0.9725,-0.20663,-0.50287,0.12613,-0.85511,0.85766,0.19577,-0.47549,-0.040007,-0.93308,-0.35744,0.20406,0.34256,-0.91707,0.97814,-0.10963,0.1767
-0.14433,-0.98549,-0.089308,0.15948,0.065908,-0.985,0.97659,-0.15641,0.14765,-0.11247,-0.93622,-0.33292,0.17437,0.31125,-0.93419,0.97824,-0.16312,0.12825,0.11359,-0.97082,-0.21121,-0.50165,0.12745,-0.85563,0.85758,0.20314,-0.47253,-0.038289,-0.9319,-0.36068,0.20304,0.34616,-0.91594,0.97842,-0.1083,0.17596
-0.14046,-0.98552,-0.094986,0.15971,0.072128,-0.98453,0.97712,-0.15346,0.14726,-0.10872,-0.9361,-0.33452,0.17077,0.31393,-0.93396,0.9793,-0.15867,0.12572,0.11889,-0.96917,-0.21579,-0.50054,0.12919,-0.85602,0.85751,0.20979,-0.46975,-0.037044,-0.93082,-0.3636,0.20177,0.34939,-0.91499,0.97873,-0.10726,0.17487
-0.1373,-0.98541,-0.10056,0.15992,0.078138,-0.98403,0.97753,-0.15119,0.14686,-0.10514,-0.93596,-0.33605,0.16734,0.31645,-0.93373,0.98028,-0.15441,0.12335,0.12342,-0.96757,-0.22042,-0.49951,0.13135,-0.85629,0.85747,0.21579,-0.4671,-0.036066,-0.92982,-0.36625,0.20029,0.35233,-0.91419,0.97907,-0.10633,0.17353
-0.13479,-0.9852,-0.10587,0.16011,0.083783,-0.98354,0.97785,-0.14952,0.14644,-0.10154,-0.93584,-0.33749,0.16429,0.31881,-0.93347,0.98117,-0.15023,0.12138,0.12717,-0.96603,-0.22497,-0.49853,0.13383,-0.85648,0.85749,0.22108,-0.46458,-0.035162,-0.92891,-0.36864,0.1988,0.355,-0.91349,0.97941,-0.10541,0.17218
-0.13282,-0.98494,-0.1107,0.16042,0.088856,-0.98304,0.97807,-0.14833,0.1462,-0.097857,-0.93575,-0.33882,0.16124,0.32105,-0.93324,0.98205,-0.14596,0.11946,0.13021,-0.96462,-0.22924,-0.4976,0.1364,-0.85662,0.85758,0.22561,-0.46223,-0.034439,-0.92812,-0.37068,0.19747,0.35727,-0.91289,0.9797,-0.10464,0.17097
-0.13126,-0.98464,-0.11511,0.16064,0.093452,-0.98258,0.97825,-0.14747,0.14591,-0.094219,-0.93564,-0.34015,0.1579,0.3233,-0.93303,0.98295,-0.14162,0.11727,0.13276,-0.96329,-0.23333,-0.49676,0.13904,-0.85668,0.85767,0.22964,-0.46007,-0.033762,-0.9274,-0.37254,0.19631,0.35933,-0.91233,0.97996,-0.10393,0.16992
-0.13027,-0.98434,-0.11877,0.1608,0.097232,-0.98219,0.97835,-0.14705,0.14561,-0.091139,-0.93569,-0.34085,0.15469,0.32482,-0.93304,0.98375,-0.13776,0.11514,0.13458,-0.96222,-0.23669,-0.49604,0.14136,-0.85672,0.85781,0.2327,-0.45827,-0.033423,-0.92689,-0.37384,0.19529,0.36078,-0.91198,0.98018,-0.10349,0.16896
-0.12952,-0.98406,-0.1219,0.16085,0.10045,-0.98185,0.97844,-0.14678,0.14528,-0.088344,-0.93575,-0.34143,0.15194,0.3261,-0.93305,0.98443,-0.13431,0.11337,0.13605,-0.96129,-0.2396,-0.49536,0.14344,-0.85676,0.85797,0.23525,-0.45667,-0.033171,-0.92644,-0.37497,0.1944,0.36203,-0.91167,0.98036,-0.10314,0.16809
-0.12898,-0.98381,-0.12446,0.16115,0.10304,-0.98154,0.97847,-0.14665,0.14525,-0.085903,-0.93579,-0.34192,0.15003,0.32713,-0.93299,0.98494,-0.13144,0.11229,0.13722,-0.96055,-0.24192,-0.49452,0.14518,-0.85696,0.85827,0.23722,-0.45509,-0.033084,-0.92609,-0.37584,0.19386,0.36296,-0.91142,0.98047,-0.10301,0.16752
-0.12852,-0.98359,-0.1266,0.16142,0.10521,-0.98126,0.97848,-0.14654,0.14525,-0.084119,-0.93582,-0.34231,0.14869,0.32789,-0.93294,0.9853,-0.12937,0.11156,0.13814,-0.95993,-0.24384,-0.49375,0.14668,-0.85714,0.85856,0.2388,-0.4537,-0.032894,-0.92579,-0.3766,0.19348,0.36377,-0.91117,0.98055,-0.10283,0.16715
-0.12817,-0.98343,-0.12824,0.16169,0.10686,-0.98104,0.97848,-0.14647,0.14531,-0.083176,-0.93581,-0.34256,0.14796,0.32835,-0.9329,0.98549,-0.12828,0.11115,0.13879,-0.95946,-0.24529,-0.49299,0.14788,-0.85737,0.85889,0.23992,-0.45248,-0.032662,-0.92556,-0.3772,0.19325,0.36443,-0.91096,0.98061,-0.10265,0.16696
-0.12804,-0.98332,-0.12914,0.16186,0.10775,-0.98091,0.97847,-0.1465,0.14536,-0.083095,-0.93578,-0.34266,0.1477,0.32848,-0.93289,0.98553,-0.12813,0.11092,0.13907,-0.95923,-0.24606,-0.49237,0.14861,-0.8576,0.8592,0.24042,-0.45163,-0.032478,-0.92545,-0.37748,0.19307,0.36476,-0.91086,0.98065,-0.10246,0.16683
-0.12822,-0.98327,-0.12937,0.16192,0.10794,-0.98088,0.97844,-0.14672,0.14537,-0.08357,-0.93574,-0.34263,0.1482,0.32834,-0.93286,0.98542,-0.12874,0.11124,0.13894,-0.95919,-0.24628,-0.49186,0.149,-0.85783,0.85952,0.24032,-0.45108,-0.032338,-0.92542,-0.37755,0.1931,0.36485,-0.91082,0.98065,-0.10236,0.1669
-0.12882,-0.98325,-0.12895,0.16191,0.10743,-0.98094,0.97836,-0.14724,0.14536,-0.084421,-0.93575,-0.34241,0.14886,0.32794,-0.9329,0.98525,-0.12973,0.11161,0.13824,-0.95937,-0.24595,-0.49146,0.14916,-0.85803,0.85986,0.23949,-0.45087,-0.032409,-0.92551,-0.37734,0.19322,0.36461,-0.91089,0.98062,-0.10243,0.16701
-0.12972,-0.98327,-0.1279,0.16159,0.1063,-0.98112,0.9783,-0.14793,0.1451,-0.085279,-0.93578,-0.34213,0.14928,0.3275,-0.93298,0.98511,-0.13064,0.11176,0.13703,-0.95972,-0.24527,-0.49129,0.14916,-0.85813,0.86015,0.23809,-0.45106,-0.032531,-0.92567,-0.37694,0.19323,0.3642,-0.91106,0.98061,-0.10247,0.16702
-0.13096,-0.98331,-0.12631,0.16124,0.10459,-0.98136,0.97819,-0.14889,0.14485,-0.086154,-0.93591,-0.34154,0.14963,0.32677,-0.93318,0.98498,-0.1315,0.11189,0.13534,-0.96024,-0.24419,-0.49118,0.14902,-0.85822,0.86048,0.23609,-0.45148,-0.032692,-0.92592,-0.37631,0.19331,0.36354,-0.9113,0.98059,-0.10254,0.1671
-0.13269,-0.98334,-0.12425,0.1607,0.10236,-0.98168,0.97804,-0.15023,0.14444,-0.087076,-0.93613,-0.34071,0.14985,0.32581,-0.93348,0.98487,-0.13234,0.11191,0.13312,-0.96091,-0.24274,-0.49108,0.14879,-0.85831,0.86088,0.23347,-0.45208,-0.033009,-0.92629,-0.37536,0.19334,0.36255,-0.91169,0.98058,-0.10267,0.16713
-0.13468,-0.98334,-0.12205,0.15995,0.099982,-0.98205,0.9779,-0.15178,0.14382,-0.088014,-0.93635,-0.33986,0.14981,0.32486,-0.93382,0.98479,-0.1331,0.11168,0.13064,-0.96161,-0.24134,-0.49121,0.14867,-0.85826,0.86119,0.23067,-0.45293,-0.033426,-0.92667,-0.37439,0.19327,0.36153,-0.91211,0.98058,-0.10285,0.16701
-0.13669,-0.98334,-0.11983,0.15911,0.097605,-0.98242,0.97775,-0.15335,0.14311,-0.088912,-0.93657,-0.33901,0.14965,0.32393,-0.93417,0.98473,-0.13379,0.11136,0.12797,-0.9623,-0.24001,-0.49147,0.14867,-0.85811,0.86144,0.22778,-0.45392,-0.033947,-0.92703,-0.37346,0.19313,0.36054,-0.91253,0.98059,-0.1031,0.1668
-0.13879,-0.98331,-0.11765,0.15833,0.095241,-0.98278,0.97758,-0.15502,0.14247,-0.089923,-0.93683,-0.33803,0.14944,0.32287,-0.93457,0.98467,-0.13455,0.11097,0.12526,-0.96297,-0.23875,-0.49169,0.14877,-0.85797,0.86172,0.22486,-0.45485,-0.034519,-0.92742,-0.37241,0.19303,0.35943,-0.91299,0.98059,-0.1034,0.16661
-0.14081,-0.98326,-0.11566,0.15757,0.093079,-0.98311,0.97742,-0.15665,0.14183,-0.091055,-0.93702,-0.33719,0.14918,0.32194,-0.93493,0.98461,-0.13543,0.11047,0.12267,-0.96356,-0.2377,-0.49184,0.14901,-0.85784,0.862,0.22214,-0.45564,-0.035119,-0.92779,-0.37146,0.1929,0.35841,-0.91342,0.98059,-0.10373,0.16638
-0.14266,-0.98321,-0.11374,0.157,0.090983,-0.9834,0.97724,-0.15815,0.14139,-0.092237,-0.93722,-0.33633,0.14918,0.32095,-0.93527,0.9845,-0.13644,0.11021,0.12027,-0.96414,-0.23656,-0.49173,0.14915,-0.85788,0.8624,0.2195,-0.45616,-0.035591,-0.92818,-0.37042,0.19295,0.3573,-0.91384,0.98056,-0.104,0.16637
-0.14455,-0.98314,-0.11195,0.15663,0.088975,-0.98364,0.97702,-0.15972,0.14113,-0.093534,-0.93739,-0.33549,0.14955,0.31991,-0.93557,0.98432,-0.13768,0.11027,0.11788,-0.9647,-0.23551,-0.49151,0.1494,-0.85796,0.86285,0.21689,-0.45655,-0.036131,-0.92855,-0.36945,0.19318,0.35623,-0.91421,0.9805,-0.1044,0.1665
-0.14636,-0.98306,-0.1103,0.15635,0.087116,-0.98385,0.9768,-0.16124,0.14095,-0.094953,-0.9375,-0.33478,0.15015,0.31896,-0.9358,0.98409,-0.13912,0.11048,0.11564,-0.96518,-0.23466,-0.49118,0.14977,-0.85809,0.86335,0.21448,-0.45676,-0.036544,-0.92889,-0.36855,0.19338,0.35525,-0.91455,0.98044,-0.10469,0.16664
-0.14793,-0.98298,-0.10895,0.1562,0.085558,-0.98401,0.97659,-0.16258,0.14088,-0.096314,-0.93757,-0.33419,0.15102,0.3181,-0.93595,0.98383,-0.14061,0.11096,0.11352,-0.96559,-0.23398,-0.49075,0.15027,-0.85824,0.86387,0.21225,-0.45681,-0.036837,-0.92917,-0.36781,0.19363,0.35445,-0.91481,0.98038,-0.10492,0.16686
-0.14935,-0.98291,-0.10759,0.15597,0.084027,-0.98418,0.97641,-0.16377,0.14075,-0.097432,-0.93764,-0.33366,0.15188,0.31732,-0.93608,0.98359,-0.14188,0.11149,0.11172,-0.96597,-0.23328,-0.49038,0.15059,-0.8584,0.86432,0.21029,-0.45687,-0.037121,-0.92948,-0.36701,0.19372,0.3536,-0.91511,0.98035,-0.10507,0.16694
-0.15069,-0.98283,-0.10646,0.15589,0.082722,-0.9843,0.97621,-0.16492,0.14075,-0.09823,-0.93767,-0.33337,0.1527,0.31682,-0.93611,0.98338,-0.14286,0.11206,0.11007,-0.96628,-0.23277,-0.48984,0.15104,-0.85863,0.86484,0.20853,-0.45669,-0.037303,-0.9297,-0.36642,0.19397,0.35296,-0.91531,0.9803,-0.10522,0.16717
-0.15201,-0.98274,-0.10544,0.15591,0.081501,-0.9844,0.976,-0.16608,0.14083,-0.098895,-0.93769,-0.33311,0.15333,0.31639,-0.93616,0.98321,-0.14365,0.11248,0.10853,-0.96658,-0.23224,-0.48922,0.15144,-0.85891,0.86538,0.20684,-0.45644,-0.037494,-0.92988,-0.36595,0.19427,0.35243,-0.91545,0.98023,-0.10542,0.16743
-0.15326,-0.98264,-0.10458,0.15595,0.080448,-0.98448,0.9758,-0.16719,0.14092,-0.099207,-0.93771,-0.33296,0.1536,0.31617,-0.93619,0.98314,-0.14402,0.11267,0.10721,-0.96684,-0.23181,-0.48863,0.15181,-0.85918,0.86588,0.20538,-0.45615,-0.037586,-0.93001,-0.36562,0.19438,0.35209,-0.91556,0.98021,-0.10548,0.16754
-0.15441,-0.98251,-0.10403,0.15604,0.079722,-0.98453,0.97561,-0.16825,0.141,-0.099212,-0.93769,-0.33301,0.1538,0.31619,-0.93614,0.98311,-0.14409,0.11284,0.10603,-0.96702,-0.2316,-0.48806,0.15231,-0.85942,0.86634,0.20416,-0.45581,-0.037537,-0.93006,-0.36549,0.1944,0.35197,-0.9156,0.9802,-0.10542,0.16759
-0.15552,-0.98239,-0.10356,0.15621,0.079057,-0.98456,0.9754,-0.16929,0.14116,-0.099138,-0.93766,-0.33313,0.15392,0.3163,-0.93609,0.9831,-0.14408,0.11296,0.10493,-0.96719,-0.23137,-0.48746,0.15276,-0.85968,0.86682,0.20299,-0.45544,-0.037444,-0.93009,-0.36542,0.19441,0.35191,-0.91562,0.98021,-0.10533,0.16764
-0.15648,-0.98225,-0.10339,0.15658,0.078685,-0.98453,0.97519,-0.17025,0.14149,-0.098819,-0.93765,-0.33324,0.15408,0.31642,-0.93602,0.9831,-0.14384,0.1132,0.10408,-0.96729,-0.23134,-0.48668,0.15332,-0.86002,0.86736,0.2021,-0.45481,-0.037187,-0.93009,-0.36545,0.19463,0.35195,-0.91556,0.98017,-0.10517,0.16793
-0.15729,-0.98211,-0.10356,0.15711,0.078642,-0.98444,0.97497,-0.17112,0.14193,-0.098226,-0.93767,-0.33336,0.15419,0.3166,-0.93594,0.98315,-0.14333,0.11348,0.10339,-0.9673,-0.2316,-0.48581,0.15407,-0.86038,0.86793,0.20147,-0.45399,-0.036879,-0.93006,-0.36556,0.19499,0.35208,-0.91543,0.98011,-0.10504,0.16837
-0.15786,-0.98197,-0.10397,0.15761,0.078884,-0.98435,0.9748,-0.17178,0.14232,-0.097589,-0.9377,-0.33345,0.15411,0.31677,-0.9359,0.98322,-0.14272,0.11359,0.10295,-0.96722,-0.23212,-0.48498,0.15494,-0.86069,0.86845,0.20118,-0.45313,-0.03652,-0.92996,-0.36584,0.1953,0.35238,-0.91525,0.98006,-0.10487,0.16875
-0.15819,-0.98185,-0.10462,0.15812,0.0794,-0.98422,0.97467,-0.17224,0.14269,-0.097036,-0.9377,-0.33362,0.15412,0.317,-0.93582,0.98328,-0.14223,0.11376,0.10278,-0.96707,-0.23285,-0.48413,0.15585,-0.861,0.86894,0.20122,-0.45217,-0.036118,-0.92985,-0.36615,0.19557,0.35273,-0.91506,0.98002,-0.10466,0.16912
-0.15829,-0.98175,-0.10538,0.15865,0.080055,-0.98408,0.97456,-0.17249,0.14309,-0.096447,-0.9377,-0.33378,0.15419,0.31722,-0.93573,0.98332,-0.14171,0.11399,0.10286,-0.96688,-0.23358,-0.48325,0.15668,-0.86135,0.86942,0.20147,-0.45113,-0.035598,-0.92976,-0.36644,0.19577,0.35308,-0.91488,0.98,-0.10431,0.16945
-0.1582,-0.98168,-0.10622,0.15911,0.080824,-0.98395,0.9745,-0.17256,0.14341,-0.095897,-0.93769,-0.33398,0.15428,0.31747,-0.93564,0.98336,-0.14125,0.11422,0.10312,-0.96669,-0.23424,-0.48243,0.15734,-0.86169,0.86985,0.20186,-0.45013,-0.035071,-0.92966,-0.36676,0.19593,0.35347,-0.9147,0.97999,-0.10394,0.16975
-0.15794,-0.98163,-0.107,0.15956,0.081564,-0.98381,0.97447,-0.17246,0.14374,-0.095315,-0.93767,-0.33421,0.15448,0.31774,-0.93551,0.98339,-0.1408,0.11456,0.10358,-0.96649,-0.23488,-0.48169,0.15787,-0.86201,0.8702,0.20243,-0.44919,-0.034542,-0.92952,-0.36716,0.19599,0.35395,-0.9145,0.98,-0.10355,0.16995
