-0.20206,-0.94166,-0.26915,0.23888,0.21914,-0.946,0.94979,-0.25544,0.18066,-0.13489,-0.88791,-0.4398,0.35813,0.37017,-0.85716,0.92388,-0.27313,0.26805,-0.062576,-0.96485,-0.25523,-0.28802,0.26231,-0.921,0.95558,0.015879,-0.29431,-0.03142,-0.8904,-0.45409,0.75552,0.27628,-0.59402,0.65437,-0.36174,0.66403
-0.20235,-0.94161,-0.26913,0.23841,0.21918,-0.94611,0.94985,-0.2556,0.18013,-0.13494,-0.88793,-0.43974,0.35799,0.37013,-0.85723,0.92392,-0.2731,0.26793,-0.06308,-0.96475,-0.25549,-0.28811,0.2627,-0.92086,0.95552,0.015522,-0.29453,-0.031501,-0.89042,-0.45405,0.75549,0.27622,-0.59409,0.65441,-0.36175,0.664
-0.20267,-0.94156,-0.26906,0.23787,0.21919,-0.94624,0.94992,-0.25578,0.17954,-0.13506,-0.88797,-0.43963,0.35781,0.37005,-0.85734,0.92397,-0.2731,0.26775,-0.063585,-0.96466,-0.25572,-0.28812,0.26308,-0.92075,0.95548,0.015134,-0.29467,-0.031679,-0.89044,-0.45399,0.75541,0.2761,-0.59424,0.65449,-0.36178,0.6639
-0.20297,-0.9415,-0.26904,0.23743,0.21923,-0.94634,0.94996,-0.25596,0.17904,-0.13515,-0.88798,-0.43957,0.3577,0.37,-0.85741,0.924,-0.27311,0.26763,-0.063578,-0.96463,-0.25584,-0.28797,0.26319,-0.92076,0.95553,0.015135,-0.29452,-0.031885,-0.8904,-0.45405,0.75532,0.27605,-0.59438,0.65458,-0.36191,0.66374
-0.20329,-0.94147,-0.26891,0.23703,0.21916,-0.94646,0.95,-0.25614,0.1786,-0.1353,-0.88801,-0.43946,0.35756,0.36989,-0.85752,0.92404,-0.27316,0.26747,-0.063891,-0.96459,-0.25592,-0.2878,0.26336,-0.92077,0.95556,0.014825,-0.29443,-0.032011,-0.89041,-0.45403,0.75521,0.27601,-0.59453,0.6547,-0.36192,0.66361
-0.20367,-0.94144,-0.26871,0.23666,0.21899,-0.94659,0.95001,-0.25638,0.1782,-0.13546,-0.88802,-0.4394,0.35742,0.36983,-0.8576,0.92407,-0.27322,0.2673,-0.064166,-0.96457,-0.25591,-0.28764,0.26343,-0.9208,0.95559,0.014525,-0.29435,-0.032164,-0.89042,-0.45401,0.75517,0.27591,-0.59463,0.65474,-0.36198,0.66354
-0.20393,-0.94145,-0.26849,0.23639,0.21879,-0.94671,0.95002,-0.25653,0.17793,-0.13559,-0.88804,-0.43931,0.35737,0.36972,-0.85767,0.92407,-0.27329,0.26723,-0.064367,-0.96456,-0.25589,-0.28739,0.26348,-0.92086,0.95565,0.014267,-0.29416,-0.032362,-0.89046,-0.45392,0.75519,0.27571,-0.59471,0.65471,-0.36204,0.66354
-0.20421,-0.94144,-0.26832,0.23608,0.21865,-0.94682,0.95004,-0.25669,0.1776,-0.13566,-0.88808,-0.43922,0.35726,0.36965,-0.85774,0.9241,-0.27328,0.26713,-0.064557,-0.96454,-0.25593,-0.28709,0.26358,-0.92093,0.95573,0.014022,-0.29392,-0.032526,-0.89048,-0.45386,0.75518,0.27556,-0.59478,0.65471,-0.36209,0.66351
-0.20452,-0.94142,-0.26815,0.23573,0.21851,-0.94693,0.95005,-0.25688,0.17723,-0.13576,-0.88809,-0.43917,0.35709,0.36962,-0.85783,0.92415,-0.27328,0.26695,-0.064772,-0.96449,-0.25607,-0.28688,0.26377,-0.92094,0.95577,0.013811,-0.29378,-0.032676,-0.89052,-0.45377,0.75514,0.27542,-0.59489,0.65474,-0.3621,0.66347
-0.20485,-0.94139,-0.268,0.23546,0.21837,-0.94703,0.95005,-0.2571,0.17693,-0.13581,-0.88814,-0.43904,0.35703,0.3695,-0.8579,0.92417,-0.27326,0.26692,-0.065006,-0.96444,-0.25617,-0.28669,0.26394,-0.92095,0.95582,0.013575,-0.29365,-0.032715,-0.89064,-0.45354,0.75511,0.27526,-0.59502,0.65479,-0.36193,0.66352
-0.20527,-0.94132,-0.26794,0.23519,0.2183,-0.94712,0.95003,-0.25743,0.17658,-0.13583,-0.88821,-0.43891,0.35702,0.36937,-0.85797,0.92417,-0.27323,0.26693,-0.065378,-0.96437,-0.25634,-0.28642,0.26422,-0.92095,0.95587,0.013213,-0.29349,-0.032774,-0.89073,-0.45335,0.75515,0.27507,-0.59505,0.65473,-0.36185,0.66362
-0.20566,-0.94127,-0.2678,0.23473,0.21822,-0.94725,0.95005,-0.25768,0.17607,-0.1359,-0.88826,-0.43879,0.35686,0.36927,-0.85807,0.92422,-0.2732,0.2668,-0.065766,-0.96429,-0.25657,-0.28635,0.26455,-0.92088,0.95587,0.012905,-0.29352,-0.032865,-0.89082,-0.45316,0.75512,0.2749,-0.59517,0.65476,-0.36175,0.66364
-0.206,-0.94121,-0.26774,0.23425,0.21822,-0.94737,0.9501,-0.25788,0.17553,-0.13591,-0.8883,-0.43868,0.35671,0.36922,-0.85816,0.92428,-0.27311,0.26669,-0.066117,-0.96417,-0.25691,-0.28633,0.26498,-0.92076,0.95585,0.012681,-0.29359,-0.032885,-0.89087,-0.45307,0.75504,0.27487,-0.59528,0.65485,-0.36166,0.6636
-0.2063,-0.94119,-0.2676,0.23367,0.21818,-0.94752,0.95018,-0.25801,0.17491,-0.13597,-0.88835,-0.43857,0.35656,0.36914,-0.85825,0.92432,-0.27308,0.26656,-0.066638,-0.96407,-0.25717,-0.28636,0.26538,-0.92064,0.9558,0.012295,-0.29375,-0.03301,-0.89096,-0.45289,0.75494,0.27472,-0.59548,0.65496,-0.36156,0.66355
-0.20654,-0.94119,-0.26739,0.23307,0.21809,-0.94769,0.95027,-0.25806,0.17432,-0.13602,-0.88841,-0.43843,0.35638,0.36904,-0.85837,0.92439,-0.27301,0.26642,-0.067152,-0.96398,-0.25736,-0.28656,0.2657,-0.92048,0.95571,0.011935,-0.29408,-0.033101,-0.89105,-0.4527,0.7548,0.27461,-0.59571,0.65512,-0.36142,0.66347
-0.20676,-0.94119,-0.26722,0.23251,0.21803,-0.94784,0.95036,-0.25811,0.17375,-0.13604,-0.88846,-0.43832,0.35624,0.36897,-0.85846,0.92444,-0.27293,0.26631,-0.067621,-0.96389,-0.25757,-0.28673,0.26605,-0.92033,0.95562,0.011621,-0.29437,-0.033174,-0.89112,-0.45255,0.75468,0.27453,-0.5959,0.65525,-0.3613,0.66341
-0.20703,-0.94117,-0.2671,0.232,0.218,-0.94797,0.95043,-0.25823,0.17321,-0.13609,-0.88848,-0.43828,0.3561,0.36896,-0.85852,0.92448,-0.27291,0.26618,-0.068077,-0.96377,-0.25789,-0.28683,0.26648,-0.92017,0.95556,0.011326,-0.29458,-0.03323,-0.89112,-0.45255,0.75461,0.27453,-0.59599,0.65533,-0.3613,0.66333
-0.20729,-0.94115,-0.26696,0.23147,0.21795,-0.94811,0.9505,-0.25832,0.17267,-0.13616,-0.88849,-0.43822,0.35594,0.36893,-0.8586,0.92454,-0.27289,0.26602,-0.068486,-0.96368,-0.25814,-0.28687,0.26685,-0.92005,0.95552,0.011042,-0.29472,-0.033276,-0.89116,-0.45246,0.75451,0.27449,-0.59613,0.65544,-0.36122,0.66326
-0.20751,-0.94113,-0.26686,0.23104,0.21793,-0.94822,0.95056,-0.25842,0.17222,-0.13617,-0.88851,-0.43818,0.35577,0.36894,-0.85867,0.9246,-0.27281,0.26587,-0.068829,-0.96358,-0.2584,-0.2869,0.26719,-0.91994,0.95548,0.010816,-0.29485,-0.033328,-0.89124,-0.45231,0.75441,0.27441,-0.59629,0.65556,-0.3611,0.66321
-0.20774,-0.9411,-0.26678,0.23055,0.21794,-0.94834,0.95063,-0.25851,0.17169,-0.1362,-0.88852,-0.43817,0.35555,0.36898,-0.85874,0.92468,-0.27275,0.26566,-0.069158,-0.96349,-0.25865,-0.28697,0.26753,-0.91982,0.95544,0.010612,-0.29499,-0.033361,-0.89125,-0.45229,0.75433,0.27442,-0.59639,0.65565,-0.36107,0.66314
-0.20803,-0.94104,-0.26676,0.23015,0.21798,-0.94843,0.95066,-0.25869,0.17124,-0.13623,-0.88854,-0.43811,0.35542,0.36896,-0.8588,0.92472,-0.27271,0.26554,-0.069578,-0.9634,-0.25888,-0.28692,0.26787,-0.91974,0.95542,0.010287,-0.29506,-0.033439,-0.8913,-0.45217,0.75429,0.27431,-0.59649,0.65569,-0.36102,0.66313
-0.20829,-0.94101,-0.26667,0.22974,0.21795,-0.94854,0.9507,-0.25883,0.17079,-0.13623,-0.88857,-0.43805,0.35527,0.36895,-0.85887,0.92478,-0.27263,0.26542,-0.069973,-0.96332,-0.25908,-0.2868,0.26818,-0.91969,0.95543,0.0099514,-0.29505,-0.033493,-0.89133,-0.45211,0.75428,0.27424,-0.59653,0.65569,-0.361,0.66313
-0.2085,-0.94101,-0.26651,0.22928,0.21788,-0.94866,0.95077,-0.2589,0.17033,-0.13624,-0.88857,-0.43805,0.35506,0.369,-0.85894,0.92486,-0.27256,0.26522,-0.070353,-0.96323,-0.2593,-0.28671,0.2685,-0.91962,0.95543,0.0096444,-0.29505,-0.033494,-0.89135,-0.45207,0.75419,0.27426,-0.59664,0.6558,-0.36093,0.66307
-0.20873,-0.94099,-0.26639,0.22889,0.21782,-0.94877,0.95081,-0.25901,0.16992,-0.13627,-0.8886,-0.43798,0.35487,0.36898,-0.85902,0.92493,-0.27248,0.26505,-0.070766,-0.96315,-0.25947,-0.28657,0.26879,-0.91958,0.95544,0.0092807,-0.29503,-0.033579,-0.8914,-0.45198,0.75413,0.27417,-0.59676,0.65587,-0.36089,0.66302
-0.20901,-0.94098,-0.2662,0.22852,0.21768,-0.94889,0.95084,-0.25916,0.16954,-0.1363,-0.88863,-0.43791,0.35475,0.36894,-0.85909,0.92497,-0.27244,0.26496,-0.071225,-0.96309,-0.25959,-0.28637,0.26904,-0.91957,0.95547,0.0088449,-0.29497,-0.033678,-0.89146,-0.45184,0.75406,0.27405,-0.5969,0.65594,-0.36082,0.66298
-0.20931,-0.94097,-0.26601,0.22802,0.21757,-0.94904,0.95089,-0.2593,0.16902,-0.1364,-0.88867,-0.4378,0.35455,0.36886,-0.8592,0.92503,-0.27242,0.26476,-0.071629,-0.96303,-0.25971,-0.28627,0.26928,-0.91953,0.95547,0.0084817,-0.29497,-0.033772,-0.89151,-0.45173,0.75389,0.27401,-0.59713,0.65613,-0.36072,0.66285
-0.20964,-0.94093,-0.2659,0.22752,0.21753,-0.94917,0.95094,-0.25948,0.16847,-0.13652,-0.88868,-0.43774,0.35443,0.36881,-0.85928,0.92506,-0.27245,0.26462,-0.072138,-0.96293,-0.25994,-0.28609,0.26964,-0.91948,0.95548,0.0080372,-0.29494,-0.033911,-0.89157,-0.45161,0.75381,0.27388,-0.59729,0.65621,-0.36069,0.66279
-0.2099,-0.94095,-0.26563,0.22684,0.2174,-0.94936,0.95104,-0.25953,0.16781,-0.13667,-0.88873,-0.43758,0.35419,0.36869,-0.85943,0.92513,-0.27245,0.26439,-0.07253,-0.96288,-0.25999,-0.28613,0.26981,-0.91942,0.95544,0.007705,-0.29508,-0.034047,-0.89167,-0.4514,0.75362,0.27375,-0.59759,0.65642,-0.36053,0.66267
-0.21006,-0.94096,-0.26547,0.22623,0.21738,-0.94951,0.95116,-0.25951,0.16721,-0.1368,-0.88874,-0.43752,0.35401,0.36865,-0.85952,0.92518,-0.27247,0.26419,-0.072957,-0.96281,-0.26014,-0.28606,0.27007,-0.91936,0.95543,0.0073405,-0.29513,-0.034171,-0.89174,-0.45126,0.75351,0.27363,-0.59779,0.65655,-0.36045,0.66258
-0.21029,-0.94098,-0.26519,0.22572,0.2172,-0.94967,0.95122,-0.25957,0.16673,-0.13685,-0.88881,-0.43737,0.35386,0.36853,-0.85963,0.92523,-0.27241,0.26408,-0.073354,-0.96274,-0.26028,-0.28588,0.27033,-0.91935,0.95545,0.0069698,-0.29506,-0.03427,-0.89182,-0.45108,0.75344,0.27348,-0.59794,0.65662,-0.36035,0.66257
-0.21054,-0.94101,-0.26492,0.22523,0.21701,-0.94983,0.95129,-0.25964,0.16625,-0.13691,-0.88887,-0.43722,0.35369,0.36842,-0.85975,0.92529,-0.27235,0.26394,-0.073795,-0.96271,-0.26026,-0.28577,0.27044,-0.91935,0.95545,0.0065324,-0.29507,-0.034395,-0.89192,-0.45088,0.75336,0.27331,-0.59813,0.65671,-0.36024,0.66254
-0.2108,-0.94102,-0.26466,0.22478,0.21683,-0.94998,0.95133,-0.25974,0.16582,-0.13696,-0.88895,-0.43706,0.35351,0.3683,-0.85988,0.92535,-0.27227,0.26381,-0.074129,-0.9627,-0.26024,-0.28564,0.27052,-0.91936,0.95546,0.0061833,-0.29504,-0.034444,-0.89203,-0.45067,0.75326,0.27319,-0.5983,0.65682,-0.36008,0.66252
-0.21105,-0.94103,-0.2644,0.2243,0.21665,-0.95013,0.95139,-0.25984,0.16535,-0.13701,-0.88901,-0.4369,0.35333,0.36819,-0.86,0.92541,-0.2722,0.26367,-0.074463,-0.9627,-0.26014,-0.28555,0.27052,-0.91939,0.95547,0.005821,-0.29504,-0.034509,-0.89213,-0.45046,0.75311,0.27309,-0.59854,0.65699,-0.3599,0.66245
-0.21138,-0.94104,-0.26411,0.22387,0.21642,-0.95029,0.95142,-0.26,0.16493,-0.1371,-0.88908,-0.43674,0.35317,0.36805,-0.86012,0.92546,-0.27216,0.26354,-0.074817,-0.96271,-0.25998,-0.28542,0.27048,-0.91944,0.95548,0.005414,-0.29502,-0.034587,-0.89223,-0.45026,0.75304,0.27294,-0.59869,0.65706,-0.35977,0.66244
-0.21162,-0.94106,-0.26387,0.22339,0.21626,-0.95043,0.95148,-0.26008,0.16446,-0.13712,-0.88914,-0.4366,0.35302,0.36796,-0.86022,0.92551,-0.27208,0.26343,-0.075193,-0.96271,-0.25986,-0.28527,0.27048,-0.91949,0.95549,0.0049921,-0.29497,-0.034621,-0.89234,-0.45004,0.75296,0.27281,-0.59885,0.65716,-0.3596,0.66245
-0.2118,-0.94109,-0.26359,0.22289,0.21609,-0.95059,0.95156,-0.26009,0.164,-0.13707,-0.88922,-0.43646,0.35283,0.3679,-0.86033,0.92559,-0.27192,0.26332,-0.075457,-0.96272,-0.25977,-0.28504,0.27046,-0.91957,0.95554,0.004657,-0.29482,-0.03459,-0.89243,-0.44986,0.75282,0.27278,-0.59904,0.65731,-0.35938,0.66241
-0.21203,-0.94112,-0.26332,0.22244,0.21589,-0.95074,0.95161,-0.26015,0.16357,-0.13707,-0.88927,-0.43636,0.35263,0.36785,-0.86043,0.92567,-0.27181,0.26316,-0.075726,-0.96272,-0.25969,-0.28476,0.27047,-0.91965,0.9556,0.0043057,-0.29462,-0.034612,-0.89251,-0.4497,0.75269,0.27274,-0.59922,0.65746,-0.35923,0.66234
-0.21224,-0.94114,-0.26307,0.222,0.21573,-0.95088,0.95167,-0.26022,0.16315,-0.1371,-0.88933,-0.43622,0.35243,0.36777,-0.86054,0.92574,-0.27172,0.26301,-0.076039,-0.96271,-0.25963,-0.28454,0.27051,-0.91971,0.95564,0.0039409,-0.2945,-0.034633,-0.89259,-0.44953,0.75254,0.27269,-0.59944,0.65764,-0.35905,0.66227
-0.21239,-0.94119,-0.26277,0.22158,0.21551,-0.95103,0.95173,-0.26022,0.16278,-0.13707,-0.88941,-0.43608,0.35226,0.36769,-0.86065,0.92581,-0.27158,0.2629,-0.076294,-0.96272,-0.25952,-0.28432,0.27048,-0.91978,0.95569,0.0036135,-0.29436,-0.034633,-0.89271,-0.4493,0.75244,0.2726,-0.59961,0.65776,-0.35884,0.66226
-0.21259,-0.94122,-0.26252,0.22113,0.21536,-0.95117,0.95179,-0.26026,0.16235,-0.13705,-0.88947,-0.43597,0.35208,0.36764,-0.86074,0.92588,-0.27146,0.26278,-0.076648,-0.96271,-0.25946,-0.28416,0.27053,-0.91982,0.95571,0.0032272,-0.2943,-0.034677,-0.8928,-0.44911,0.75236,0.27248,-0.59975,0.65783,-0.35869,0.66226
-0.21272,-0.94123,-0.26238,0.22063,0.21532,-0.95129,0.95188,-0.26024,0.16186,-0.13709,-0.8895,-0.43588,0.35199,0.36757,-0.86081,0.92591,-0.27144,0.26271,-0.076918,-0.96267,-0.25953,-0.28401,0.27067,-0.91983,0.95573,0.0029561,-0.29422,-0.034695,-0.89291,-0.44889,0.75231,0.27235,-0.59988,0.65789,-0.35852,0.6623
-0.21288,-0.94125,-0.26216,0.22022,0.21519,-0.95142,0.95194,-0.26027,0.16147,-0.13713,-0.88955,-0.43578,0.35183,0.3675,-0.8609,0.92596,-0.27138,0.26257,-0.077206,-0.96265,-0.25952,-0.28379,0.27074,-0.91987,0.95577,0.0026288,-0.29409,-0.034706,-0.89303,-0.44867,0.75225,0.27222,-0.60001,0.65796,-0.35833,0.66233
-0.21309,-0.94126,-0.26198,0.21984,0.21507,-0.95153,0.95198,-0.26035,0.1611,-0.13725,-0.88958,-0.43568,0.35173,0.36741,-0.86099,0.92599,-0.27141,0.26246,-0.077532,-0.96263,-0.25949,-0.28354,0.27081,-0.91993,0.95582,0.002252,-0.29394,-0.034805,-0.89313,-0.44845,0.75218,0.27205,-0.60018,0.65804,-0.35821,0.66233
-0.21325,-0.94127,-0.26181,0.21943,0.21498,-0.95165,0.95204,-0.26038,0.1607,-0.13735,-0.8896,-0.43559,0.35163,0.36732,-0.86106,0.92601,-0.27144,0.26236,-0.077827,-0.96259,-0.25954,-0.28323,0.27095,-0.91998,0.95589,0.0019096,-0.29372,-0.034874,-0.89321,-0.44828,0.75209,0.27194,-0.60034,0.65814,-0.35809,0.66229
-0.21346,-0.94129,-0.26156,0.21898,0.21481,-0.95179,0.95209,-0.26044,0.16027,-0.13743,-0.88964,-0.4355,0.35153,0.36724,-0.86114,0.92603,-0.27144,0.26226,-0.078144,-0.96256,-0.25956,-0.28307,0.27107,-0.92,0.95591,0.0015826,-0.29366,-0.035023,-0.89328,-0.44813,0.75202,0.27177,-0.60051,0.65821,-0.35804,0.66225
-0.21359,-0.94135,-0.26121,0.21848,0.21458,-0.95196,0.95218,-0.2604,0.15983,-0.13749,-0.8897,-0.43535,0.35142,0.36712,-0.86124,0.92607,-0.2714,0.26219,-0.078448,-0.96255,-0.25951,-0.28287,0.27111,-0.92005,0.95594,0.0012327,-0.29355,-0.035069,-0.89338,-0.44793,0.75195,0.27165,-0.60065,0.65829,-0.35789,0.66225
-0.21371,-0.9414,-0.26093,0.21794,0.21442,-0.95212,0.95228,-0.26035,0.15934,-0.13754,-0.88974,-0.43525,0.35133,0.36703,-0.86131,0.92609,-0.27139,0.26211,-0.078744,-0.96254,-0.25945,-0.28262,0.27114,-0.92011,0.95599,0.00087278,-0.29338,-0.035154,-0.89346,-0.44776,0.75186,0.27152,-0.60081,0.65838,-0.35778,0.66222
-0.21381,-0.94145,-0.26068,0.2175,0.21428,-0.95225,0.95235,-0.2603,0.15895,-0.13763,-0.88978,-0.43514,0.35119,0.36694,-0.86141,0.92613,-0.27138,0.26198,-0.079006,-0.96254,-0.25936,-0.28241,0.27112,-0.92018,0.95603,0.00054598,-0.29326,-0.035302,-0.89354,-0.44759,0.75178,0.27135,-0.601,0.65847,-0.3577,0.66217
-0.21394,-0.94149,-0.26042,0.21708,0.21411,-0.95238,0.95242,-0.26028,0.15857,-0.13772,-0.88982,-0.43503,0.35107,0.36684,-0.8615,0.92617,-0.27137,0.26187,-0.079308,-0.96255,-0.25926,-0.28215,0.27112,-0.92026,0.95609,0.00016549,-0.29308,-0.035451,-0.89361,-0.44744,0.75173,0.27117,-0.60114,0.65852,-0.35766,0.66214
-0.21404,-0.94155,-0.26013,0.21663,0.21392,-0.95253,0.9525,-0.26023,0.15818,-0.1378,-0.88988,-0.43489,0.35092,0.36674,-0.8616,0.92621,-0.27134,0.26174,-0.079505,-0.96254,-0.25921,-0.28186,0.27113,-0.92035,0.95616,-0.00011061,-0.29286,-0.035605,-0.89366,-0.44733,0.75166,0.27104,-0.60129,0.65859,-0.35765,0.66208
-0.2141,-0.9416,-0.25989,0.21616,0.21379,-0.95266,0.95259,-0.26015,0.15776,-0.13791,-0.88991,-0.43478,0.35081,0.36663,-0.86169,0.92624,-0.27136,0.26163,-0.079774,-0.96254,-0.25913,-0.28161,0.27113,-0.92042,0.95621,-0.0004503,-0.29269,-0.035694,-0.89373,-0.44719,0.75159,0.27092,-0.60143,0.65867,-0.35757,0.66204
-0.21425,-0.94162,-0.25971,0.2157,0.21371,-0.95279,0.95267,-0.26015,0.15732,-0.13802,-0.88994,-0.43468,0.3507,0.36653,-0.86178,0.92626,-0.27139,0.26152,-0.080105,-0.96252,-0.25911,-0.28136,0.27121,-0.92048,0.95625,-0.00083167,-0.29254,-0.035853,-0.89378,-0.44707,0.75152,0.27077,-0.60158,0.65873,-0.35755,0.66199
-0.21442,-0.94163,-0.25953,0.21532,0.2136,-0.9529,0.95271,-0.2602,0.15695,-0.1381,-0.88997,-0.4346,0.35066,0.36644,-0.86183,0.92626,-0.27142,0.26147,-0.080494,-0.96248,-0.25915,-0.28108,0.27136,-0.92052,0.9563,-0.0012565,-0.29237,-0.035958,-0.89383,-0.44696,0.75148,0.27065,-0.60169,0.65878,-0.35752,0.66196
-0.21462,-0.94163,-0.25937,0.21494,0.21351,-0.953,0.95275,-0.26029,0.15657,-0.13818,-0.89001,-0.43449,0.35064,0.36633,-0.86189,0.92626,-0.27144,0.26146,-0.080959,-0.96242,-0.25922,-0.28077,0.27157,-0.92055,0.95635,-0.0017443,-0.2922,-0.036132,-0.89388,-0.44684,0.75144,0.27047,-0.60182,0.65882,-0.35752,0.66192
-0.21479,-0.94164,-0.25918,0.21454,0.2134,-0.95312,0.9528,-0.26033,0.15618,-0.13821,-0.89006,-0.43438,0.3506,0.36622,-0.86195,0.92627,-0.27143,0.26144,-0.081402,-0.96235,-0.25933,-0.2805,0.2718,-0.92057,0.9564,-0.0021945,-0.29206,-0.036223,-0.89394,-0.44672,0.75138,0.27036,-0.60194,0.65888,-0.35746,0.66189
-0.21506,-0.94163,-0.25902,0.21417,0.21329,-0.95322,0.95283,-0.26048,0.1558,-0.13832,-0.89009,-0.43428,0.35043,0.36615,-0.86205,0.92632,-0.27142,0.26127,-0.081908,-0.96229,-0.2594,-0.28024,0.27201,-0.92058,0.95643,-0.0027076,-0.29195,-0.036409,-0.89402,-0.44655,0.7513,0.27016,-0.60213,0.65896,-0.35742,0.66184
-0.21532,-0.94162,-0.25882,0.21376,0.21316,-0.95335,0.95286,-0.2606,0.15539,-0.13844,-0.89015,-0.43413,0.35029,0.366,-0.86217,0.92635,-0.27143,0.26114,-0.082352,-0.96225,-0.25942,-0.28,0.27216,-0.92061,0.95646,-0.0031756,-0.29184,-0.036559,-0.89409,-0.4464,0.75122,0.27,-0.60231,0.65904,-0.35736,0.66178
-0.21563,-0.9416,-0.25862,0.21337,0.21302,-0.95347,0.95288,-0.26078,0.15497,-0.13846,-0.89022,-0.43399,0.35026,0.36587,-0.86224,0.92636,-0.27139,0.26114,-0.082847,-0.96219,-0.25948,-0.27971,0.27236,-0.92064,0.9565,-0.0036941,-0.2917,-0.036633,-0.89416,-0.44625,0.75118,0.26987,-0.60241,0.65908,-0.35728,0.66178
-0.21588,-0.94158,-0.25849,0.21292,0.21296,-0.95358,0.95292,-0.26089,0.15451,-0.13849,-0.89027,-0.43387,0.35022,0.36576,-0.8623,0.92637,-0.27137,0.26113,-0.083288,-0.96211,-0.25963,-0.27949,0.27264,-0.92063,0.95653,-0.0041118,-0.29161,-0.036673,-0.89425,-0.44606,0.7511,0.26976,-0.60256,0.65917,-0.35714,0.66178
-0.21609,-0.94159,-0.25829,0.21237,0.21288,-0.95372,0.953,-0.26094,0.15396,-0.13855,-0.89033,-0.43373,0.3501,0.36565,-0.8624,0.92641,-0.27133,0.26105,-0.083704,-0.96204,-0.25977,-0.27942,0.27288,-0.92057,0.95651,-0.0044699,-0.29166,-0.036763,-0.89433,-0.44589,0.75103,0.26962,-0.60271,0.65924,-0.35703,0.66176
-0.21632,-0.94162,-0.258,0.21174,0.21272,-0.9539,0.95309,-0.26097,0.15336,-0.13865,-0.8904,-0.43354,0.35,0.36547,-0.86252,0.92643,-0.27133,0.26096,-0.084085,-0.96195,-0.25995,-0.27931,0.27317,-0.92052,0.95651,-0.0047961,-0.29165,-0.036859,-0.89442,-0.4457,0.75098,0.26946,-0.60285,0.6593,-0.35693,0.66176
-0.21653,-0.94165,-0.25771,0.21126,0.21252,-0.95405,0.95314,-0.26102,0.15292,-0.13882,-0.89049,-0.43331,0.34992,0.36522,-0.86266,0.92644,-0.27138,0.2609,-0.084463,-0.9619,-0.26001,-0.27916,0.27334,-0.92052,0.95652,-0.0051657,-0.29161,-0.037038,-0.89452,-0.44548,0.75094,0.26921,-0.603,0.65933,-0.35686,0.66176
-0.2167,-0.94168,-0.25746,0.21084,0.21236,-0.95418,0.9532,-0.26105,0.15252,-0.13898,-0.89054,-0.43315,0.34979,0.36506,-0.86278,0.92646,-0.27142,0.26076,-0.08482,-0.96189,-0.25994,-0.27888,0.27337,-0.92059,0.95657,-0.005593,-0.29144,-0.037215,-0.89461,-0.4453,0.75087,0.26901,-0.60319,0.6594,-0.35681,0.66172
-0.21691,-0.94171,-0.25717,0.21058,0.21211,-0.95429,0.95321,-0.26115,0.1523,-0.13913,-0.89059,-0.433,0.34975,0.36488,-0.86287,0.92645,-0.27149,0.26072,-0.085161,-0.9619,-0.25981,-0.27848,0.27334,-0.92072,0.95666,-0.0060573,-0.29115,-0.037465,-0.89466,-0.44517,0.75084,0.26876,-0.60333,0.65942,-0.35686,0.66168
-0.21716,-0.94173,-0.25688,0.21033,0.21183,-0.9544,0.95321,-0.26129,0.15208,-0.13936,-0.89063,-0.43284,0.34973,0.36467,-0.86296,0.92643,-0.27164,0.26066,-0.085546,-0.96189,-0.25969,-0.27817,0.27334,-0.92082,0.95672,-0.0065344,-0.29095,-0.037701,-0.89472,-0.44504,0.75079,0.26854,-0.60349,0.65946,-0.35688,0.66162
-0.2174,-0.94174,-0.25664,0.20999,0.21165,-0.95452,0.95323,-0.2614,0.15174,-0.1396,-0.89064,-0.43274,0.34966,0.36452,-0.86305,0.92642,-0.2718,0.26053,-0.085951,-0.96185,-0.25972,-0.27787,0.27349,-0.92086,0.95676,-0.006979,-0.29078,-0.03797,-0.89475,-0.44494,0.75074,0.26833,-0.60365,0.65951,-0.35695,0.66153
-0.21768,-0.94174,-0.25639,0.20959,0.21146,-0.95465,0.95325,-0.26154,0.15135,-0.13984,-0.8907,-0.43254,0.3496,0.36429,-0.86318,0.9264,-0.27192,0.26045,-0.086386,-0.96181,-0.25971,-0.27762,0.2736,-0.92091,0.9568,-0.0074516,-0.29066,-0.038208,-0.89483,-0.44477,0.75066,0.26808,-0.60385,0.65958,-0.35694,0.66147
-0.21786,-0.94178,-0.25609,0.20925,0.21122,-0.95478,0.95328,-0.2616,0.15105,-0.14001,-0.89077,-0.43235,0.34947,0.3641,-0.86331,0.92643,-0.27196,0.26032,-0.086774,-0.96179,-0.25967,-0.27736,0.27367,-0.92096,0.95684,-0.0078937,-0.29051,-0.038418,-0.89491,-0.44458,0.7506,0.26785,-0.60404,0.65964,-0.35691,0.66143
-0.21818,-0.94177,-0.25586,0.20899,0.21101,-0.95488,0.95327,-0.26181,0.15078,-0.14023,-0.89081,-0.43219,0.34939,0.36391,-0.86342,0.92643,-0.27208,0.26021,-0.087262,-0.96174,-0.25968,-0.27707,0.27382,-0.92101,0.95688,-0.0084214,-0.29036,-0.038665,-0.89499,-0.4444,0.75056,0.26759,-0.6042,0.65967,-0.35691,0.6614
-0.21855,-0.94174,-0.25566,0.20874,0.21081,-0.95498,0.95324,-0.26208,0.15051,-0.14041,-0.89085,-0.43206,0.3493,0.36375,-0.86352,0.92643,-0.27216,0.2601,-0.087705,-0.96172,-0.25963,-0.27675,0.2739,-0.92108,0.95693,-0.0089292,-0.29018,-0.038916,-0.89508,-0.4442,0.75049,0.26731,-0.6044,0.65973,-0.35689,0.66135
-0.21888,-0.94174,-0.25538,0.20844,0.21056,-0.9551,0.95323,-0.26228,0.15021,-0.14053,-0.8909,-0.43191,0.34923,0.36359,-0.86362,0.92644,-0.2722,0.26004,-0.088251,-0.96167,-0.25963,-0.27651,0.27405,-0.92111,0.95695,-0.0094995,-0.2901,-0.0392,-0.89516,-0.44401,0.75042,0.26704,-0.60462,0.6598,-0.35689,0.66128
-0.2192,-0.94175,-0.25507,0.20799,0.21032,-0.95525,0.95325,-0.26244,0.14977,-0.14069,-0.89098,-0.43168,0.34917,0.36335,-0.86375,0.92644,-0.27225,0.25998,-0.088773,-0.96163,-0.25958,-0.27625,0.27416,-0.92115,0.95698,-0.010063,-0.28999,-0.039467,-0.89526,-0.44379,0.75035,0.26675,-0.60483,0.65986,-0.35687,0.66123
-0.21945,-0.94176,-0.25482,0.20755,0.21014,-0.95539,0.95329,-0.26255,0.14934,-0.1409,-0.89103,-0.43152,0.34909,0.36316,-0.86386,0.92643,-0.27236,0.25988,-0.089336,-0.96157,-0.25961,-0.27602,0.27435,-0.92117,0.95699,-0.010637,-0.28992,-0.039749,-0.89538,-0.44352,0.75026,0.26642,-0.60509,0.65995,-0.3568,0.66118
-0.2197,-0.9418,-0.25444,0.20701,0.20986,-0.95556,0.95335,-0.26261,0.14886,-0.1412,-0.89111,-0.43126,0.34883,0.3629,-0.86407,0.92649,-0.27244,0.2596,-0.089932,-0.96155,-0.25949,-0.2759,0.2744,-0.92118,0.95697,-0.011249,-0.28997,-0.040074,-0.89549,-0.44327,0.75011,0.26611,-0.60542,0.6601,-0.35676,0.66105
-0.21992,-0.94184,-0.25412,0.20639,0.20968,-0.95574,0.95344,-0.26263,0.14827,-0.14146,-0.89116,-0.43107,0.3486,0.36272,-0.86424,0.92654,-0.27252,0.25935,-0.090528,-0.96152,-0.25941,-0.27595,0.2745,-0.92114,0.9569,-0.011807,-0.29018,-0.040416,-0.89556,-0.4431,0.74993,0.26586,-0.60574,0.66028,-0.35678,0.66087
-0.22014,-0.94186,-0.25385,0.20565,0.20957,-0.95592,0.95354,-0.26264,0.14756,-0.14167,-0.89117,-0.43098,0.34825,0.36267,-0.8644,0.92663,-0.27255,0.25897,-0.091075,-0.96146,-0.25943,-0.27605,0.27468,-0.92106,0.95682,-0.012271,-0.29042,-0.040702,-0.89562,-0.44295,0.74968,0.2657,-0.60613,0.66055,-0.35674,0.66061
-0.22029,-0.94191,-0.25353,0.20481,0.20946,-0.95613,0.95369,-0.26255,0.14677,-0.14192,-0.89121,-0.43082,0.34786,0.36256,-0.8646,0.92674,-0.27257,0.25857,-0.091646,-0.96141,-0.25941,-0.27617,0.27483,-0.92098,0.95673,-0.012761,-0.2907,-0.040992,-0.89568,-0.44281,0.74936,0.26558,-0.60657,0.66089,-0.35669,0.6603
-0.2204,-0.94198,-0.25317,0.20399,0.2093,-0.95634,0.95384,-0.26243,0.14603,-0.14215,-0.89125,-0.43065,0.34753,0.36244,-0.86479,0.92683,-0.27259,0.25821,-0.092152,-0.96137,-0.25936,-0.2763,0.27493,-0.92091,0.95664,-0.013201,-0.29097,-0.041311,-0.89573,-0.44268,0.74914,0.2654,-0.60692,0.66112,-0.3567,0.66006
-0.22058,-0.94204,-0.25279,0.20321,0.2091,-0.95655,0.95397,-0.26236,0.14531,-0.14243,-0.8913,-0.43046,0.34717,0.36228,-0.865,0.92692,-0.27264,0.25784,-0.092691,-0.96133,-0.25933,-0.2764,0.27506,-0.92084,0.95656,-0.013676,-0.2912,-0.041558,-0.8958,-0.44251,0.74887,0.26526,-0.60731,0.66141,-0.35662,0.65982
-0.2208,-0.94206,-0.25254,0.20255,0.209,-0.95671,0.95406,-0.26239,0.14467,-0.14266,-0.89132,-0.43034,0.34696,0.36216,-0.86513,0.92697,-0.27273,0.25759,-0.093179,-0.96125,-0.25944,-0.27645,0.27531,-0.92075,0.9565,-0.014072,-0.29139,-0.041787,-0.89587,-0.44235,0.74863,0.26513,-0.60767,0.66167,-0.35655,0.65959
-0.22092,-0.94209,-0.25231,0.202,0.2089,-0.95685,0.95414,-0.26235,0.14415,-0.14279,-0.89139,-0.43017,0.34669,0.36204,-0.86529,0.92705,-0.27269,0.25734,-0.09362,-0.96118,-0.25954,-0.27648,0.27553,-0.92067,0.95645,-0.014435,-0.29155,-0.041985,-0.89594,-0.44219,0.74839,0.26502,-0.60801,0.66193,-0.35646,0.65939
-0.22116,-0.9421,-0.25206,0.20145,0.20876,-0.95699,0.9542,-0.26243,0.14362,-0.14298,-0.8914,-0.43007,0.3465,0.36195,-0.86541,0.92709,-0.27276,0.25712,-0.09409,-0.9611,-0.25967,-0.27643,0.2758,-0.92061,0.95642,-0.014838,-0.29163,-0.04219,-0.89597,-0.44211,0.74821,0.26492,-0.60828,0.66212,-0.35645,0.65919
-0.22135,-0.94209,-0.25191,0.20111,0.20867,-0.95708,0.95423,-0.26252,0.14328,-0.14301,-0.89148,-0.4299,0.34656,0.36176,-0.86547,0.92706,-0.27275,0.25721,-0.094421,-0.96103,-0.25982,-0.27623,0.27603,-0.9206,0.95644,-0.015156,-0.29152,-0.042254,-0.89604,-0.44195,0.74813,0.26481,-0.60842,0.66221,-0.35634,0.65917
-0.22149,-0.94213,-0.25166,0.20071,0.2085,-0.95721,0.95428,-0.26252,0.14291,-0.14307,-0.89161,-0.42962,0.34645,0.3615,-0.86562,0.9271,-0.27268,0.25717,-0.094685,-0.96096,-0.25999,-0.27608,0.27627,-0.92057,0.95646,-0.015386,-0.29146,-0.042387,-0.89613,-0.44177,0.74804,0.26465,-0.60861,0.6623,-0.35626,0.65912
-0.22155,-0.94215,-0.25154,0.20028,0.20849,-0.9573,0.95436,-0.26247,0.1425,-0.14313,-0.89168,-0.42944,0.3463,0.36136,-0.86574,0.92714,-0.27263,0.25706,-0.094864,-0.96087,-0.26024,-0.27594,0.27656,-0.92053,0.95648,-0.015514,-0.29138,-0.042438,-0.89619,-0.44163,0.74794,0.26457,-0.60876,0.66241,-0.35615,0.65907
-0.22163,-0.94215,-0.25148,0.19983,0.20854,-0.95738,0.95444,-0.26243,0.14205,-0.14326,-0.89172,-0.42931,0.34606,0.36127,-0.86587,0.92721,-0.27261,0.25683,-0.095073,-0.96077,-0.26053,-0.27584,0.27689,-0.92046,0.95649,-0.015644,-0.29135,-0.04263,-0.89623,-0.44155,0.74774,0.26449,-0.60904,0.66262,-0.35613,0.65887
-0.2217,-0.94216,-0.25138,0.19935,0.20855,-0.95748,0.95452,-0.26239,0.14158,-0.14344,-0.89176,-0.42918,0.34586,0.36115,-0.866,0.92726,-0.27266,0.25662,-0.095236,-0.96071,-0.26072,-0.27583,0.27712,-0.92039,0.95648,-0.015742,-0.29138,-0.042773,-0.89629,-0.4414,0.74749,0.26443,-0.60938,0.6629,-0.35601,0.65865
-0.22169,-0.94221,-0.25118,0.19885,0.2085,-0.95759,0.95463,-0.26224,0.14114,-0.14353,-0.89182,-0.42901,0.34562,0.36104,-0.86614,0.92733,-0.27259,0.25641,-0.095403,-0.96067,-0.26078,-0.27583,0.27723,-0.92036,0.95646,-0.015873,-0.29143,-0.042901,-0.89636,-0.44125,0.74727,0.26436,-0.60967,0.66314,-0.35589,0.65848
-0.22169,-0.94225,-0.25102,0.19844,0.20845,-0.95769,0.95471,-0.26212,0.14077,-0.14362,-0.89188,-0.42887,0.34554,0.36089,-0.86623,0.92735,-0.2726,0.25635,-0.095618,-0.96061,-0.26093,-0.27584,0.27743,-0.92029,0.95643,-0.016023,-0.29151,-0.043034,-0.8964,-0.44115,0.74715,0.26426,-0.60986,0.66326,-0.35585,0.65838
-0.22166,-0.94229,-0.25091,0.19789,0.20848,-0.9578,0.95483,-0.26195,0.14026,-0.14366,-0.8919,-0.4288,0.34545,0.36085,-0.86629,0.92738,-0.27258,0.25627,-0.09582,-0.96056,-0.26106,-0.276,0.27762,-0.92019,0.95637,-0.016122,-0.29171,-0.043155,-0.89643,-0.44109,0.74702,0.26421,-0.61004,0.6634,-0.35583,0.65825
-0.22163,-0.94231,-0.25087,0.19755,0.20855,-0.95785,0.95491,-0.26185,0.13993,-0.14375,-0.89187,-0.42883,0.34551,0.36083,-0.86627,0.92734,-0.2727,0.25628,-0.096086,-0.96047,-0.26129,-0.27597,0.27792,-0.92011,0.95635,-0.016301,-0.29177,-0.043308,-0.89638,-0.44116,0.74696,0.26419,-0.61012,0.66345,-0.35595,0.65812
-0.22163,-0.94232,-0.25083,0.19704,0.20864,-0.95794,0.95501,-0.26173,0.13944,-0.14388,-0.89186,-0.42881,0.34545,0.36079,-0.86631,0.92734,-0.27278,0.25618,-0.096316,-0.96038,-0.26151,-0.27591,0.27819,-0.92004,0.95634,-0.016462,-0.29178,-0.043403,-0.89634,-0.44125,0.74684,0.26424,-0.61024,0.66358,-0.35603,0.65795
-0.2216,-0.94235,-0.25073,0.19666,0.20865,-0.95801,0.9551,-0.26161,0.13908,-0.14392,-0.89189,-0.42874,0.34552,0.36069,-0.86633,0.92731,-0.27281,0.25625,-0.09656,-0.9603,-0.26172,-0.27577,0.27847,-0.92,0.95636,-0.016661,-0.29171,-0.043394,-0.89635,-0.44122,0.74681,0.26425,-0.61028,0.66362,-0.35599,0.65793
-0.22158,-0.94236,-0.2507,0.19635,0.20871,-0.95806,0.95517,-0.26151,0.13879,-0.144,-0.89194,-0.42861,0.34559,0.36053,-0.86636,0.92727,-0.27288,0.25633,-0.096851,-0.96022,-0.26191,-0.27562,0.27874,-0.91997,0.95638,-0.016912,-0.29165,-0.043373,-0.8964,-0.44113,0.74674,0.26424,-0.61037,0.6637,-0.35588,0.65791
-0.22155,-0.94236,-0.25074,0.19602,0.20885,-0.9581,0.95525,-0.26141,0.13845,-0.1441,-0.89193,-0.42859,0.3456,0.36048,-0.86638,0.92725,-0.27297,0.2563,-0.097112,-0.96011,-0.26223,-0.27546,0.27911,-0.9199,0.9564,-0.0171,-0.29157,-0.043394,-0.8964,-0.44111,0.74667,0.26425,-0.61046,0.66378,-0.35585,0.65785
-0.22146,-0.94237,-0.25077,0.19569,0.20898,-0.95814,0.95533,-0.26126,0.13813,-0.14412,-0.89197,-0.4285,0.34554,0.3604,-0.86644,0.92727,-0.27293,0.25627,-0.097269,-0.96001,-0.26254,-0.27526,0.27945,-0.91986,0.95644,-0.017208,-0.29143,-0.043413,-0.89642,-0.44108,0.7466,0.26426,-0.61054,0.66385,-0.35582,0.6578
-0.2214,-0.94239,-0.25075,0.19525,0.20909,-0.95821,0.95544,-0.2611,0.13772,-0.14412,-0.89201,-0.42843,0.34541,0.36037,-0.8665,0.92732,-0.27287,0.25617,-0.097412,-0.95991,-0.26284,-0.2751,0.27978,-0.91981,0.95647,-0.017291,-0.29133,-0.043495,-0.89642,-0.44106,0.74647,0.26426,-0.6107,0.664,-0.3558,0.65766
-0.22132,-0.94244,-0.25066,0.19486,0.20911,-0.95828,0.95554,-0.26093,0.13736,-0.14418,-0.89209,-0.42823,0.34534,0.36018,-0.86661,0.92734,-0.27283,0.25614,-0.097574,-0.95985,-0.26299,-0.27502,0.27997,-0.91977,0.95648,-0.017419,-0.29129,-0.043567,-0.89651,-0.44087,0.74631,0.26417,-0.61093,0.66417,-0.35564,0.65757
-0.22123,-0.94247,-0.25063,0.19446,0.20921,-0.95834,0.95564,-0.26075,0.13699,-0.1443,-0.89213,-0.42811,0.3452,0.36008,-0.86671,0.92737,-0.27285,0.25601,-0.097738,-0.95978,-0.2632,-0.27495,0.28021,-0.91972,0.95648,-0.017523,-0.29128,-0.043638,-0.89653,-0.44082,0.74612,0.26419,-0.61115,0.66438,-0.35558,0.6574
-0.22123,-0.94249,-0.25055,0.19412,0.20921,-0.95841,0.95571,-0.26066,0.13667,-0.1444,-0.89216,-0.42802,0.34513,0.35998,-0.86677,0.92738,-0.27289,0.25593,-0.097955,-0.95972,-0.26333,-0.27485,0.2804,-0.91969,0.95648,-0.017711,-0.29125,-0.043753,-0.89657,-0.44073,0.74598,0.26412,-0.61135,0.66452,-0.35553,0.65727
-0.22119,-0.94251,-0.2505,0.19379,0.20926,-0.95847,0.95578,-0.26055,0.13636,-0.14443,-0.89217,-0.42798,0.34504,0.35997,-0.86682,0.92741,-0.27286,0.25584,-0.098179,-0.95966,-0.26346,-0.27476,0.28059,-0.91966,0.95649,-0.017903,-0.29122,-0.043807,-0.89661,-0.44065,0.74588,0.26408,-0.61149,0.66463,-0.35546,0.6572
-0.2211,-0.94256,-0.2504,0.19339,0.20928,-0.95854,0.95588,-0.26036,0.13601,-0.14455,-0.89218,-0.42793,0.34496,0.35991,-0.86688,0.92742,-0.27292,0.25574,-0.09841,-0.95957,-0.26371,-0.27469,0.2809,-0.91959,0.95648,-0.018056,-0.29123,-0.043872,-0.89662,-0.44063,0.74573,0.26411,-0.61167,0.6648,-0.35543,0.65704
-0.22103,-0.94259,-0.25034,0.19295,0.20936,-0.95861,0.95599,-0.26019,0.1356,-0.14465,-0.89221,-0.42782,0.34486,0.3598,-0.86696,0.92744,-0.27295,0.25565,-0.098624,-0.9595,-0.26389,-0.27461,0.28113,-0.91954,0.95648,-0.018221,-0.29122,-0.043938,-0.89665,-0.44055,0.74555,0.2641,-0.61189,0.665,-0.35534,0.6569
-0.22098,-0.94261,-0.25031,0.19252,0.20945,-0.95868,0.95609,-0.26004,0.13519,-0.14468,-0.89224,-0.42777,0.34472,0.35978,-0.86702,0.92749,-0.2729,0.25552,-0.098877,-0.95941,-0.2641,-0.27452,0.2814,-0.91949,0.95648,-0.018417,-0.2912,-0.043985,-0.89668,-0.44048,0.7454,0.2641,-0.61207,0.66516,-0.35526,0.65677
-0.22099,-0.94265,-0.25016,0.1921,0.2094,-0.95878,0.95617,-0.25994,0.1348,-0.14476,-0.89229,-0.42764,0.34456,0.35968,-0.86713,0.92754,-0.27287,0.25538,-0.099204,-0.95934,-0.26423,-0.27444,0.28162,-0.91944,0.95647,-0.018697,-0.29122,-0.044078,-0.89675,-0.44034,0.74524,0.26403,-0.61229,0.66533,-0.35515,0.65666
-0.22101,-0.94267,-0.25007,0.19173,0.20941,-0.95885,0.95624,-0.25986,0.13445,-0.14477,-0.89233,-0.42754,0.34445,0.35961,-0.8672,0.92758,-0.27281,0.2553,-0.099446,-0.95927,-0.26441,-0.27428,0.28186,-0.91942,0.9565,-0.018912,-0.29113,-0.044174,-0.89679,-0.44024,0.74512,0.26396,-0.61247,0.66547,-0.35509,0.65656
-0.22101,-0.9427,-0.24995,0.19127,0.20941,-0.95894,0.95633,-0.25974,0.13402,-0.14486,-0.89236,-0.42745,0.34433,0.35954,-0.86728,0.92761,-0.27282,0.25518,-0.099683,-0.9592,-0.26456,-0.27421,0.28208,-0.91937,0.95649,-0.019099,-0.29114,-0.044282,-0.89683,-0.44014,0.74494,0.26392,-0.61271,0.66566,-0.35501,0.6564
-0.22095,-0.94274,-0.24985,0.19087,0.20942,-0.95901,0.95642,-0.25958,0.13367,-0.14496,-0.89241,-0.42731,0.34411,0.35944,-0.8674,0.92767,-0.27278,0.25498,-0.099769,-0.95917,-0.26467,-0.27409,0.28219,-0.91937,0.95651,-0.019181,-0.29106,-0.04435,-0.89688,-0.44005,0.74474,0.26392,-0.61295,0.66588,-0.35491,0.65623
-0.22093,-0.94278,-0.24972,0.19054,0.20939,-0.95909,0.9565,-0.25948,0.13337,-0.14511,-0.89242,-0.42723,0.34393,0.35937,-0.8675,0.92771,-0.27282,0.25479,-0.09988,-0.95914,-0.26472,-0.27386,0.28227,-0.91941,0.95657,-0.019334,-0.29087,-0.044459,-0.89689,-0.44,0.74458,0.2639,-0.61316,0.66606,-0.35488,0.65607
-0.22096,-0.94282,-0.24953,0.19021,0.20929,-0.95918,0.95656,-0.2594,0.13309,-0.14525,-0.89247,-0.42708,0.34372,0.35926,-0.86764,0.92777,-0.27282,0.25457,-0.099915,-0.95915,-0.26467,-0.27367,0.28223,-0.91948,0.95662,-0.019437,-0.29069,-0.044594,-0.89695,-0.43987,0.7444,0.26381,-0.61341,0.66624,-0.3548,0.65593
-0.221,-0.94284,-0.24944,0.18992,0.20927,-0.95924,0.9566,-0.25936,0.13282,-0.14541,-0.8925,-0.42697,0.3436,0.35914,-0.86773,0.92779,-0.27289,0.25444,-0.10016,-0.95909,-0.2648,-0.27351,0.28243,-0.91947,0.95664,-0.019674,-0.29061,-0.044818,-0.89697,-0.43982,0.74425,0.26371,-0.61364,0.6664,-0.35484,0.65575
-0.221,-0.94286,-0.24935,0.18961,0.20926,-0.9593,0.95666,-0.25929,0.13253,-0.14554,-0.89252,-0.42687,0.34349,0.35904,-0.86781,0.92781,-0.27293,0.25432,-0.10047,-0.95901,-0.26495,-0.27335,0.28265,-0.91945,0.95665,-0.019948,-0.29055,-0.044953,-0.89704,-0.43967,0.74405,0.26361,-0.61391,0.6666,-0.35473,0.65559
-0.22102,-0.94286,-0.24931,0.1891,0.20935,-0.95938,0.95676,-0.25919,0.13203,-0.1457,-0.89254,-0.42679,0.34332,0.35897,-0.86791,0.92785,-0.27298,0.25413,-0.10074,-0.95891,-0.26522,-0.27322,0.28299,-0.91938,0.95666,-0.020159,-0.2905,-0.045105,-0.8971,-0.43952,0.7438,0.26355,-0.61426,0.66688,-0.35462,0.65537
-0.22109,-0.94283,-0.2494,0.18851,0.20959,-0.95945,0.95686,-0.25914,0.1314,-0.14589,-0.89253,-0.42673,0.34298,0.35896,-0.86805,0.92794,-0.273,0.25376,-0.10105,-0.95879,-0.26554,-0.27315,0.28339,-0.91928,0.95665,-0.020367,-0.29053,-0.045383,-0.89708,-0.43954,0.74352,0.26352,-0.6146,0.66717,-0.3547,0.65503
-0.22117,-0.94278,-0.2495,0.18792,0.20984,-0.95951,0.95696,-0.2591,0.13076,-0.14608,-0.89256,-0.42661,0.3427,0.35888,-0.8682,0.92802,-0.27303,0.25345,-0.10137,-0.95862,-0.26601,-0.27305,0.28393,-0.91914,0.95664,-0.020541,-0.29054,-0.045637,-0.89707,-0.43953,0.7433,0.26347,-0.6149,0.66741,-0.35477,0.65476
-0.2212,-0.94275,-0.2496,0.18734,0.21009,-0.95956,0.95707,-0.25901,0.13015,-0.14623,-0.89258,-0.42651,0.34243,0.35882,-0.86832,0.92809,-0.27303,0.25318,-0.10171,-0.95846,-0.26647,-0.27299,0.28447,-0.91899,0.95662,-0.020726,-0.29059,-0.045795,-0.89707,-0.4395,0.74312,0.26343,-0.61512,0.66759,-0.35477,0.65457
-0.22121,-0.94274,-0.24961,0.18686,0.21024,-0.95963,0.95716,-0.25893,0.12965,-0.14632,-0.89265,-0.42634,0.34222,0.35869,-0.86846,0.92816,-0.27298,0.25299,-0.10211,-0.95835,-0.26673,-0.27279,0.28483,-0.91894,0.95664,-0.021071,-0.29051,-0.045962,-0.89712,-0.43939,0.74302,0.2633,-0.6153,0.66769,-0.35476,0.65448
-0.2213,-0.94272,-0.2496,0.18651,0.21031,-0.95968,0.9572,-0.25893,0.12929,-0.14649,-0.89268,-0.42622,0.34208,0.35858,-0.86857,0.92818,-0.27304,0.25283,-0.10253,-0.95824,-0.26697,-0.27254,0.28517,-0.91891,0.95667,-0.021455,-0.29039,-0.046248,-0.8971,-0.43941,0.74294,0.26316,-0.61546,0.66776,-0.35491,0.65432
-0.22155,-0.9427,-0.24945,0.18621,0.2102,-0.95976,0.9572,-0.25909,0.12897,-0.14678,-0.89271,-0.42606,0.34189,0.35839,-0.86871,0.9282,-0.27318,0.25261,-0.10308,-0.95814,-0.26708,-0.2724,0.28544,-0.91887,0.95665,-0.021962,-0.29042,-0.046654,-0.89711,-0.43934,0.74278,0.26292,-0.61575,0.66791,-0.35506,0.65409
-0.2218,-0.94269,-0.24927,0.18587,0.21007,-0.95985,0.95721,-0.25922,0.12863,-0.1471,-0.89274,-0.42589,0.34167,0.35821,-0.86888,0.92824,-0.27333,0.25232,-0.10363,-0.95807,-0.26715,-0.27218,0.28566,-0.91887,0.95665,-0.022507,-0.29037,-0.04704,-0.89712,-0.43928,0.74257,0.26273,-0.61608,0.66811,-0.35518,0.65381
-0.22203,-0.94271,-0.24902,0.18568,0.20984,-0.95994,0.9572,-0.25937,0.12845,-0.14739,-0.89278,-0.4257,0.34144,0.35802,-0.86905,0.92828,-0.27344,0.25206,-0.10414,-0.95801,-0.26715,-0.27198,0.2858,-0.91888,0.95665,-0.023037,-0.29033,-0.047438,-0.89713,-0.43921,0.74241,0.26251,-0.61638,0.66827,-0.35531,0.65358
-0.22232,-0.9427,-0.24878,0.18555,0.20959,-0.96002,0.95715,-0.25959,0.12832,-0.14763,-0.89283,-0.42551,0.34123,0.35783,-0.86921,0.92831,-0.27351,0.25184,-0.10474,-0.95795,-0.26713,-0.27163,0.28595,-0.91894,0.95669,-0.023684,-0.29016,-0.047812,-0.89714,-0.43914,0.74225,0.26229,-0.61666,0.66841,-0.35544,0.65337
-0.22265,-0.9427,-0.24849,0.18529,0.20932,-0.96013,0.95713,-0.25982,0.12807,-0.14783,-0.8929,-0.42529,0.34098,0.35764,-0.86938,0.92837,-0.27354,0.25159,-0.10537,-0.95789,-0.26709,-0.27112,0.28608,-0.91905,0.95676,-0.024428,-0.28985,-0.048194,-0.89718,-0.43902,0.74203,0.26207,-0.61702,0.66864,-0.3555,0.6531
-0.22297,-0.94272,-0.24813,0.18499,0.209,-0.96026,0.95711,-0.26002,0.1278,-0.1481,-0.89298,-0.42504,0.34074,0.35739,-0.86958,0.92842,-0.27361,0.25134,-0.10613,-0.95783,-0.26704,-0.27061,0.28624,-0.91915,0.95682,-0.025287,-0.28957,-0.048629,-0.89726,-0.43882,0.74178,0.26177,-0.61744,0.66887,-0.35554,0.65284
-0.2234,-0.9427,-0.24782,0.18482,0.20867,-0.96036,0.95704,-0.26035,0.12762,-0.14835,-0.89304,-0.42483,0.34045,0.3572,-0.86977,0.92848,-0.27366,0.25105,-0.10693,-0.95775,-0.267,-0.27008,0.28642,-0.91925,0.95688,-0.026187,-0.2893,-0.049014,-0.89735,-0.43859,0.74153,0.26149,-0.61787,0.66913,-0.35551,0.65259
-0.22388,-0.94267,-0.24748,0.18462,0.20831,-0.96048,0.95697,-0.26072,0.1274,-0.14861,-0.89312,-0.42456,0.34007,0.35699,-0.87001,0.92858,-0.27367,0.25067,-0.10779,-0.95766,-0.26696,-0.26965,0.28662,-0.91931,0.95691,-0.02711,-0.28913,-0.049538,-0.89744,-0.43835,0.74123,0.26113,-0.61837,0.66942,-0.35556,0.65227
-0.22429,-0.94267,-0.24711,0.18437,0.20794,-0.96061,0.95692,-0.26101,0.12716,-0.14887,-0.89322,-0.42427,0.33973,0.35674,-0.87024,0.92867,-0.27369,0.25035,-0.10864,-0.95758,-0.2669,-0.26921,0.28679,-0.91939,0.95693,-0.028029,-0.28895,-0.05002,-0.89755,-0.43806,0.74098,0.26074,-0.61884,0.66966,-0.35554,0.65203
-0.22473,-0.94266,-0.24675,0.18412,0.20759,-0.96073,0.95687,-0.26134,0.12691,-0.14906,-0.89331,-0.42401,0.33939,0.35653,-0.87046,0.92876,-0.27366,0.25003,-0.10951,-0.9575,-0.26682,-0.26881,0.28697,-0.91945,0.95695,-0.028968,-0.28881,-0.050487,-0.89768,-0.43776,0.74075,0.26034,-0.61929,0.66988,-0.35553,0.65181
-0.22528,-0.94263,-0.24635,0.18394,0.20715,-0.96086,0.95677,-0.26178,0.12672,-0.1493,-0.89339,-0.42376,0.33899,0.35634,-0.87069,0.92887,-0.27365,0.24965,-0.11043,-0.95742,-0.26675,-0.26846,0.28715,-0.91949,0.95694,-0.029927,-0.28874,-0.051019,-0.89778,-0.43748,0.74047,0.25994,-0.61979,0.67015,-0.35556,0.65151
