0.027791,-0.99946,-0.017549,-0.018173,0.017048,-0.99969,0.99945,0.028101,-0.017689,-0.033339,-0.93339,-0.3573,0.15955,0.34795,-0.92384,0.98663,-0.087807,0.13732,-0.15781,-0.95847,-0.23754,-0.3334,0.27815,-0.90082,0.92949,-0.062963,-0.36344,0.078456,-0.91788,-0.38903,-0.21161,0.366,-0.90624,0.9742,0.15342,-0.16551
0.02757,-0.99947,-0.017565,-0.018529,0.017057,-0.99968,0.99945,0.027886,-0.018048,-0.033354,-0.9334,-0.35729,0.15937,0.34794,-0.92387,0.98666,-0.087755,0.13715,-0.15771,-0.95844,-0.23772,-0.33325,0.27827,-0.90084,0.92956,-0.062848,-0.36328,0.078253,-0.91789,-0.38905,-0.2118,0.36603,-0.90618,0.97418,0.15331,-0.16576
0.027424,-0.99947,-0.017619,-0.018819,0.017106,-0.99968,0.99945,0.027746,-0.01834,-0.033402,-0.93342,-0.35722,0.15916,0.34789,-0.92393,0.98669,-0.087715,0.13694,-0.15759,-0.9584,-0.23796,-0.33317,0.27844,-0.90081,0.9296,-0.062682,-0.36319,0.077984,-0.91791,-0.38906,-0.21204,0.36605,-0.90612,0.97414,0.15316,-0.16609
0.027333,-0.99947,-0.017649,-0.01914,0.017129,-0.99967,0.99944,0.027662,-0.018662,-0.033431,-0.93344,-0.35717,0.15901,0.34785,-0.92397,0.98671,-0.087685,0.1368,-0.15737,-0.95839,-0.23818,-0.33301,0.27856,-0.90084,0.9297,-0.062448,-0.36299,0.077815,-0.91792,-0.38907,-0.2122,0.36606,-0.90607,0.97412,0.15307,-0.1663
0.027295,-0.99947,-0.017654,-0.019375,0.017129,-0.99967,0.99944,0.027628,-0.018897,-0.033493,-0.93348,-0.35705,0.15894,0.34773,-0.92403,0.98672,-0.087698,0.13672,-0.15712,-0.95838,-0.23836,-0.33287,0.27863,-0.90087,0.92979,-0.062197,-0.36279,0.077595,-0.91797,-0.38898,-0.21232,0.36599,-0.90607,0.97411,0.1529,-0.16651
0.027246,-0.99947,-0.017686,-0.019609,0.017155,-0.99966,0.99944,0.027584,-0.019131,-0.033494,-0.93353,-0.35692,0.1588,0.34761,-0.92409,0.98674,-0.08763,0.1366,-0.15687,-0.95837,-0.23857,-0.33271,0.27872,-0.9009,0.92989,-0.061949,-0.36258,0.077377,-0.91803,-0.38889,-0.21246,0.36592,-0.90607,0.9741,0.15273,-0.16673
0.027127,-0.99947,-0.017717,-0.019926,0.017179,-0.99965,0.99943,0.027471,-0.019449,-0.033574,-0.93357,-0.35682,0.15858,0.34753,-0.92416,0.98677,-0.087615,0.13638,-0.1566,-0.95836,-0.23877,-0.33267,0.27881,-0.90088,0.92995,-0.061645,-0.36248,0.077136,-0.9181,-0.38877,-0.21267,0.3658,-0.90607,0.97408,0.15257,-0.16703
0.027078,-0.99948,-0.01775,-0.02029,0.017203,-0.99965,0.99943,0.027428,-0.019814,-0.033585,-0.93355,-0.35687,0.1584,0.34758,-0.92417,0.9868,-0.087567,0.1362,-0.15646,-0.95834,-0.23896,-0.33273,0.27894,-0.90082,0.92995,-0.06143,-0.36251,0.076946,-0.91812,-0.38875,-0.21301,0.36577,-0.906,0.97402,0.15252,-0.16743
0.026986,-0.99948,-0.017732,-0.020578,0.017179,-0.99964,0.99942,0.027341,-0.020104,-0.033615,-0.93351,-0.35697,0.15826,0.3477,-0.92416,0.98683,-0.087559,0.13605,-0.15635,-0.95831,-0.23916,-0.33279,0.27909,-0.90075,0.92995,-0.061245,-0.36255,0.076682,-0.91811,-0.38883,-0.21332,0.36584,-0.9059,0.97397,0.15241,-0.1678
0.026869,-0.99948,-0.017752,-0.020859,0.017194,-0.99963,0.99942,0.027229,-0.020386,-0.033701,-0.93349,-0.35701,0.15817,0.34773,-0.92416,0.98684,-0.087614,0.13593,-0.15636,-0.95825,-0.2394,-0.33279,0.27932,-0.90068,0.92995,-0.061159,-0.36257,0.076467,-0.91811,-0.38888,-0.21356,0.36589,-0.90582,0.97393,0.15232,-0.1681
0.026807,-0.99948,-0.017674,-0.021153,0.017109,-0.99963,0.99942,0.027171,-0.020684,-0.033725,-0.93349,-0.35701,0.15813,0.34773,-0.92416,0.98684,-0.08762,0.13588,-0.15625,-0.95822,-0.2396,-0.33276,0.27946,-0.90065,0.92998,-0.060996,-0.36252,0.07663,-0.91809,-0.3889,-0.21374,0.36585,-0.9058,0.97388,0.15254,-0.1682
0.026744,-0.99949,-0.017595,-0.021367,0.017026,-0.99963,0.99941,0.02711,-0.020901,-0.033824,-0.93349,-0.357,0.15803,0.34772,-0.92419,0.98685,-0.087677,0.13576,-0.15619,-0.95818,-0.23977,-0.33272,0.2796,-0.90062,0.93,-0.060891,-0.36248,0.076235,-0.9182,-0.38871,-0.21411,0.36568,-0.90578,0.97383,0.15228,-0.16872
0.026694,-0.99949,-0.017527,-0.02154,0.016954,-0.99962,0.99941,0.027061,-0.021077,-0.033828,-0.93349,-0.357,0.1579,0.34773,-0.9242,0.98688,-0.087634,0.13563,-0.15614,-0.95816,-0.23989,-0.33265,0.27969,-0.90062,0.93003,-0.060819,-0.3624,0.075973,-0.91827,-0.38859,-0.21434,0.36557,-0.90577,0.9738,0.15211,-0.16905
0.026657,-0.99949,-0.017475,-0.02175,0.016897,-0.99962,0.99941,0.027027,-0.021288,-0.033843,-0.93348,-0.35702,0.15783,0.34775,-0.92421,0.98689,-0.087625,0.13556,-0.15605,-0.95814,-0.24004,-0.33258,0.27979,-0.90061,0.93007,-0.06071,-0.36232,0.075827,-0.91833,-0.38849,-0.21458,0.36545,-0.90576,0.97376,0.15204,-0.16935
0.026587,-0.9995,-0.017391,-0.021959,0.016809,-0.99962,0.99941,0.026959,-0.021501,-0.03388,-0.93345,-0.35709,0.15789,0.34781,-0.92417,0.98688,-0.087692,0.1356,-0.15608,-0.9581,-0.24018,-0.33246,0.27993,-0.90061,0.93011,-0.060716,-0.36222,0.075617,-0.91839,-0.38839,-0.21476,0.36537,-0.90575,0.97374,0.1519,-0.1696
0.026525,-0.9995,-0.017284,-0.022142,0.016698,-0.99962,0.9994,0.026897,-0.021688,-0.033916,-0.93344,-0.35714,0.15797,0.34784,-0.92415,0.98686,-0.087759,0.13565,-0.15607,-0.95807,-0.24031,-0.33233,0.28004,-0.90063,0.93016,-0.0607,-0.3621,0.075459,-0.91844,-0.3883,-0.21493,0.36527,-0.90575,0.97371,0.1518,-0.16984
0.026426,-0.9995,-0.017195,-0.022209,0.016609,-0.99962,0.9994,0.026797,-0.021759,-0.034002,-0.93341,-0.35719,0.1581,0.34788,-0.92411,0.98684,-0.087893,0.13574,-0.15609,-0.95804,-0.2404,-0.33216,0.28013,-0.90067,0.93022,-0.060737,-0.36195,0.07536,-0.91847,-0.38824,-0.21505,0.36522,-0.90574,0.97369,0.15175,-0.17
0.026378,-0.99951,-0.017121,-0.022201,0.016537,-0.99962,0.99941,0.026748,-0.021754,-0.033972,-0.9334,-0.35723,0.15819,0.3479,-0.92409,0.98682,-0.087905,0.13584,-0.15616,-0.958,-0.24053,-0.33196,0.28026,-0.9007,0.93028,-0.060805,-0.36178,0.075246,-0.91849,-0.38822,-0.21518,0.3652,-0.90572,0.97367,0.15169,-0.17016
0.026367,-0.99951,-0.017005,-0.022207,0.016421,-0.99962,0.99941,0.026735,-0.021763,-0.033895,-0.9334,-0.35722,0.15816,0.34791,-0.92409,0.98683,-0.087819,0.13583,-0.15613,-0.95797,-0.24066,-0.33176,0.28035,-0.90074,0.93036,-0.060791,-0.36159,0.075136,-0.91852,-0.38818,-0.21528,0.36516,-0.90571,0.97366,0.15162,-0.1703
0.026365,-0.99951,-0.016881,-0.022259,0.016296,-0.99962,0.9994,0.02673,-0.021818,-0.033923,-0.93341,-0.3572,0.15805,0.3479,-0.92411,0.98685,-0.087805,0.13573,-0.15623,-0.95794,-0.2407,-0.33164,0.28042,-0.90077,0.93038,-0.060904,-0.3615,0.075054,-0.91856,-0.38809,-0.21544,0.36506,-0.90571,0.97363,0.15159,-0.1705
0.026403,-0.99951,-0.016732,-0.022248,0.016146,-0.99962,0.9994,0.026765,-0.021811,-0.033858,-0.93344,-0.35713,0.15796,0.34784,-0.92415,0.98686,-0.087702,0.13567,-0.15626,-0.95794,-0.2407,-0.33149,0.28042,-0.90082,0.93043,-0.060978,-0.36136,0.07506,-0.9186,-0.388,-0.21558,0.36495,-0.90573,0.9736,0.15163,-0.17064
0.02643,-0.99951,-0.016626,-0.022255,0.01604,-0.99962,0.9994,0.02679,-0.02182,-0.03385,-0.93343,-0.35715,0.1579,0.34787,-0.92415,0.98687,-0.087677,0.13561,-0.15635,-0.95792,-0.24071,-0.33133,0.28045,-0.90087,0.93047,-0.061098,-0.36124,0.075019,-0.91862,-0.38796,-0.2157,0.36489,-0.90572,0.97357,0.15163,-0.17077
0.026449,-0.99951,-0.016523,-0.022277,0.015935,-0.99962,0.9994,0.026807,-0.021844,-0.033958,-0.93345,-0.3571,0.15782,0.34781,-0.92418,0.98688,-0.087741,0.13551,-0.15645,-0.95792,-0.24067,-0.3312,0.28044,-0.90092,0.9305,-0.061237,-0.36114,0.074904,-0.91867,-0.38787,-0.21587,0.3648,-0.90572,0.97354,0.15157,-0.17099
0.026589,-0.99951,-0.016443,-0.02237,0.01585,-0.99962,0.9994,0.026947,-0.021937,-0.033874,-0.93345,-0.35711,0.1577,0.34785,-0.92419,0.98691,-0.087623,0.13542,-0.15645,-0.95793,-0.24061,-0.33116,0.28038,-0.90095,0.93051,-0.06127,-0.36109,0.074903,-0.91869,-0.38781,-0.21616,0.3647,-0.90569,0.97348,0.15167,-0.17127
0.026654,-0.99951,-0.01637,-0.022457,0.015773,-0.99962,0.99939,0.027012,-0.022025,-0.033756,-0.93346,-0.3571,0.1576,0.34786,-0.92421,0.98693,-0.087476,0.13537,-0.15646,-0.95792,-0.24064,-0.33108,0.28041,-0.90098,0.93054,-0.061296,-0.36102,0.074853,-0.91873,-0.38772,-0.21636,0.36459,-0.90569,0.97344,0.15168,-0.17148
0.026731,-0.99951,-0.016376,-0.02253,0.015775,-0.99962,0.99939,0.02709,-0.022097,-0.033706,-0.93349,-0.35703,0.15755,0.3478,-0.92424,0.98694,-0.0874,0.13534,-0.15646,-0.95792,-0.24066,-0.33099,0.28042,-0.901,0.93057,-0.061319,-0.36094,0.074754,-0.91876,-0.38767,-0.2166,0.36452,-0.90565,0.97339,0.15167,-0.17176
0.026789,-0.99951,-0.016322,-0.022654,0.015717,-0.99962,0.99938,0.027149,-0.022222,-0.033652,-0.93352,-0.35696,0.15747,0.34774,-0.92427,0.98695,-0.087312,0.1353,-0.15644,-0.95792,-0.24066,-0.33092,0.28041,-0.90103,0.9306,-0.061315,-0.36086,0.074757,-0.91881,-0.38756,-0.21678,0.36438,-0.90567,0.97335,0.15172,-0.17194
0.026843,-0.99951,-0.016198,-0.022792,0.015588,-0.99962,0.99938,0.027202,-0.022362,-0.033637,-0.93356,-0.35685,0.15731,0.34765,-0.92433,0.98698,-0.087227,0.13516,-0.15646,-0.95794,-0.24057,-0.33089,0.28033,-0.90107,0.93061,-0.061376,-0.36083,0.074682,-0.91889,-0.38737,-0.21701,0.36417,-0.9057,0.97331,0.1517,-0.17221
0.026985,-0.99951,-0.016073,-0.023078,0.015452,-0.99961,0.99937,0.027346,-0.02265,-0.033519,-0.93361,-0.35673,0.15713,0.34757,-0.9244,0.98701,-0.087037,0.13505,-0.15643,-0.95794,-0.24058,-0.33086,0.28033,-0.90108,0.93063,-0.06136,-0.36079,0.074657,-0.91897,-0.38719,-0.21724,0.36396,-0.90572,0.97326,0.15173,-0.17247
0.027163,-0.9995,-0.01598,-0.023168,0.015352,-0.99961,0.99936,0.027523,-0.02274,-0.03343,-0.93368,-0.35653,0.15705,0.34739,-0.92447,0.98702,-0.0869,0.13503,-0.15637,-0.95797,-0.24051,-0.33075,0.28024,-0.90115,0.93067,-0.061362,-0.36067,0.074641,-0.91905,-0.38701,-0.21742,0.36376,-0.90576,0.97322,0.15175,-0.17267
0.027216,-0.9995,-0.015877,-0.023227,0.015247,-0.99961,0.99936,0.027574,-0.022801,-0.033318,-0.93372,-0.35645,0.15702,0.34733,-0.92451,0.98703,-0.086772,0.13504,-0.15638,-0.95797,-0.24049,-0.33066,0.28021,-0.90119,0.9307,-0.061412,-0.36058,0.074527,-0.91911,-0.38688,-0.21765,0.36362,-0.90577,0.97318,0.15171,-0.17295
0.027229,-0.9995,-0.015835,-0.02327,0.015203,-0.99961,0.99936,0.027587,-0.022844,-0.033259,-0.93373,-0.35644,0.15697,0.34733,-0.92451,0.98704,-0.086697,0.13501,-0.15633,-0.958,-0.24043,-0.3306,0.28013,-0.90124,0.93073,-0.061404,-0.36051,0.074442,-0.9191,-0.38692,-0.21788,0.36363,-0.90571,0.97313,0.15172,-0.17318
0.027288,-0.9995,-0.01587,-0.023217,0.015238,-0.99961,0.99936,0.027646,-0.02279,-0.033187,-0.93372,-0.35647,0.15695,0.34737,-0.9245,0.98705,-0.08663,0.13502,-0.15626,-0.95799,-0.24048,-0.33058,0.28016,-0.90124,0.93075,-0.061326,-0.36047,0.074392,-0.91912,-0.3869,-0.21806,0.36359,-0.90568,0.9731,0.15174,-0.17338
0.027263,-0.9995,-0.015896,-0.023298,0.015262,-0.99961,0.99936,0.027623,-0.02287,-0.033132,-0.93371,-0.35651,0.15695,0.34742,-0.92448,0.98705,-0.086582,0.13503,-0.15622,-0.95795,-0.24068,-0.33054,0.28033,-0.9012,0.93077,-0.061232,-0.36043,0.074313,-0.91911,-0.38694,-0.21823,0.36362,-0.90562,0.97306,0.15174,-0.17355
0.027278,-0.9995,-0.016015,-0.023412,0.015378,-0.99961,0.99935,0.027643,-0.022981,-0.033162,-0.93367,-0.35659,0.15697,0.34749,-0.92445,0.98705,-0.08663,0.13503,-0.15612,-0.95792,-0.24088,-0.33049,0.28048,-0.90117,0.93081,-0.06108,-0.36037,0.074296,-0.91908,-0.387,-0.21843,0.36365,-0.90556,0.97302,0.15181,-0.17374
0.027226,-0.9995,-0.015976,-0.023368,0.015341,-0.99961,0.99936,0.027589,-0.022939,-0.033231,-0.93366,-0.35661,0.15724,0.34748,-0.92441,0.987,-0.086791,0.13526,-0.15615,-0.95788,-0.241,-0.33025,0.28058,-0.90123,0.93089,-0.061134,-0.36016,0.074277,-0.91912,-0.38692,-0.21847,0.36357,-0.90559,0.97301,0.15179,-0.17379
0.027206,-0.9995,-0.016024,-0.023314,0.015391,-0.99961,0.99936,0.027569,-0.022884,-0.033338,-0.93364,-0.35666,0.15752,0.34749,-0.92436,0.98695,-0.086996,0.13548,-0.15612,-0.95785,-0.24116,-0.33001,0.2807,-0.90128,0.93098,-0.061123,-0.35992,0.07424,-0.91915,-0.38685,-0.2185,0.3635,-0.90561,0.97301,0.15176,-0.17384
0.02721,-0.9995,-0.01614,-0.023302,0.015508,-0.99961,0.99936,0.027576,-0.022869,-0.03338,-0.93361,-0.35673,0.15763,0.34755,-0.92432,0.98693,-0.087086,0.13556,-0.15609,-0.9578,-0.24135,-0.32982,0.28086,-0.9013,0.93105,-0.061083,-0.35974,0.074202,-0.91916,-0.38683,-0.21857,0.36348,-0.9056,0.973,0.15175,-0.17393
0.027218,-0.9995,-0.016231,-0.0234,0.015595,-0.9996,0.99936,0.027587,-0.022963,-0.033396,-0.93359,-0.35679,0.15757,0.34761,-0.9243,0.98694,-0.087088,0.1355,-0.15606,-0.95775,-0.24157,-0.32965,0.28105,-0.9013,0.93111,-0.061021,-0.35959,0.074245,-0.91915,-0.38684,-0.2187,0.36346,-0.90557,0.97296,0.15184,-0.17404
0.027228,-0.9995,-0.016189,-0.023506,0.015551,-0.9996,0.99935,0.027598,-0.023071,-0.033355,-0.93363,-0.35667,0.15747,0.34751,-0.92436,0.98696,-0.086998,0.13543,-0.15605,-0.95774,-0.24163,-0.3295,0.28109,-0.90134,0.93117,-0.061034,-0.35944,0.074198,-0.91921,-0.38671,-0.21885,0.36332,-0.9056,0.97293,0.15183,-0.17421
0.027186,-0.9995,-0.016175,-0.023684,0.015532,-0.9996,0.99935,0.027558,-0.02325,-0.033325,-0.93369,-0.35654,0.1572,0.3474,-0.92445,0.987,-0.086855,0.1352,-0.15617,-0.95769,-0.24174,-0.32938,0.28123,-0.90134,0.93119,-0.061135,-0.35936,0.074075,-0.9193,-0.38653,-0.21908,0.36313,-0.90562,0.97289,0.15176,-0.1745
0.027091,-0.9995,-0.016126,-0.023918,0.015479,-0.99959,0.99935,0.027466,-0.023486,-0.033263,-0.93374,-0.35639,0.157,0.34728,-0.92452,0.98704,-0.086707,0.13505,-0.15627,-0.95765,-0.24185,-0.32924,0.28135,-0.90135,0.93122,-0.061229,-0.35927,0.07397,-0.91935,-0.38643,-0.21926,0.36301,-0.90562,0.97286,0.15171,-0.17472
0.027073,-0.9995,-0.016045,-0.024195,0.015391,-0.99959,0.99934,0.02745,-0.023767,-0.033143,-0.93378,-0.35631,0.15683,0.34723,-0.92457,0.98707,-0.086524,0.13494,-0.1564,-0.95761,-0.24193,-0.32913,0.28147,-0.90136,0.93124,-0.061342,-0.3592,0.073954,-0.91941,-0.38629,-0.21944,0.36285,-0.90564,0.97282,0.15174,-0.17492
0.027015,-0.99951,-0.015855,-0.024462,0.015195,-0.99959,0.99934,0.027391,-0.02404,-0.033168,-0.93384,-0.35615,0.15668,0.34708,-0.92465,0.98709,-0.086472,0.1348,-0.15655,-0.95759,-0.24189,-0.32903,0.28148,-0.90139,0.93125,-0.061521,-0.35914,0.073858,-0.9195,-0.38608,-0.21959,0.36264,-0.90569,0.97279,0.15167,-0.17513
0.026961,-0.99952,-0.015532,-0.024705,0.014867,-0.99958,0.99933,0.027333,-0.024292,-0.033253,-0.93388,-0.35604,0.15662,0.34697,-0.92471,0.9871,-0.086512,0.13472,-0.15666,-0.95761,-0.24175,-0.32894,0.28139,-0.90145,0.93127,-0.0617,-0.35908,0.073761,-0.91959,-0.3859,-0.21976,0.36246,-0.90572,0.97276,0.15161,-0.17536
0.027034,-0.99952,-0.015212,-0.02483,0.014542,-0.99959,0.99933,0.0274,-0.024425,-0.033283,-0.93391,-0.35596,0.1566,0.34689,-0.92474,0.9871,-0.086523,0.13471,-0.15672,-0.95764,-0.24157,-0.32888,0.28123,-0.90152,0.93128,-0.061838,-0.35903,0.073648,-0.91969,-0.38568,-0.21999,0.36222,-0.90576,0.97272,0.15155,-0.17565
0.027146,-0.99952,-0.014937,-0.024974,0.01426,-0.99959,0.99932,0.027507,-0.024575,-0.033441,-0.93392,-0.35592,0.15663,0.34682,-0.92476,0.98709,-0.086671,0.13468,-0.15678,-0.95768,-0.24141,-0.32884,0.2811,-0.90158,0.93128,-0.061964,-0.359,0.073493,-0.9198,-0.38544,-0.22023,0.36197,-0.9058,0.97268,0.15145,-0.17597
0.027217,-0.99952,-0.014677,-0.02504,0.013996,-0.99959,0.99932,0.027573,-0.024647,-0.033563,-0.93395,-0.35582,0.15664,0.34671,-0.9248,0.98709,-0.086774,0.13465,-0.15682,-0.95771,-0.24123,-0.3288,0.28094,-0.90164,0.93129,-0.062084,-0.35896,0.073276,-0.91994,-0.38516,-0.22043,0.36171,-0.90586,0.97265,0.15128,-0.17628
0.027299,-0.99952,-0.014396,-0.025156,0.01371,-0.99959,0.99931,0.02765,-0.02477,-0.03363,-0.93399,-0.3557,0.15652,0.34659,-0.92487,0.9871,-0.086777,0.13453,-0.1569,-0.95775,-0.24104,-0.32875,0.28079,-0.90171,0.93129,-0.062237,-0.35891,0.073054,-0.92005,-0.38493,-0.22066,0.36148,-0.90589,0.97261,0.15112,-0.17661
0.027214,-0.99953,-0.01418,-0.025338,0.013491,-0.99959,0.99931,0.027562,-0.024959,-0.033629,-0.93403,-0.35561,0.15635,0.34651,-0.92492,0.98713,-0.086704,0.13438,-0.15696,-0.95777,-0.24093,-0.3287,0.2807,-0.90175,0.9313,-0.062342,-0.35888,0.072875,-0.92018,-0.38464,-0.22091,0.3612,-0.90595,0.97257,0.15099,-0.17695
0.027099,-0.99954,-0.013977,-0.025579,0.013284,-0.99958,0.99931,0.027445,-0.025207,-0.03367,-0.93407,-0.35549,0.15615,0.34641,-0.925,0.98716,-0.086653,0.13419,-0.15716,-0.95775,-0.24085,-0.32862,0.2807,-0.90179,0.93129,-0.062578,-0.35885,0.072693,-0.92028,-0.38445,-0.22115,0.36101,-0.90596,0.97253,0.15088,-0.17727
0.026986,-0.99954,-0.013796,-0.02588,0.013098,-0.99958,0.9993,0.027331,-0.025514,-0.033715,-0.93411,-0.3554,0.15602,0.34633,-0.92505,0.98718,-0.086638,0.13406,-0.15748,-0.9577,-0.24084,-0.32853,0.2808,-0.90179,0.93127,-0.062895,-0.35885,0.072466,-0.92036,-0.38429,-0.22141,0.36085,-0.90596,0.97248,0.15074,-0.17763
0.026911,-0.99955,-0.013594,-0.02615,0.01289,-0.99957,0.9993,0.027255,-0.025791,-0.033738,-0.93414,-0.35532,0.15582,0.34625,-0.92511,0.98721,-0.086578,0.13388,-0.15773,-0.95767,-0.2408,-0.32846,0.28085,-0.9018,0.93125,-0.063152,-0.35885,0.072351,-0.92045,-0.3841,-0.22171,0.36063,-0.90598,0.97242,0.15071,-0.17798
0.026942,-0.99955,-0.01335,-0.02641,0.012639,-0.99957,0.99929,0.027283,-0.026057,-0.033752,-0.93417,-0.35522,0.15558,0.34618,-0.92518,0.98725,-0.086491,0.13365,-0.15792,-0.95766,-0.24074,-0.32844,0.28086,-0.9018,0.93123,-0.063343,-0.35888,0.072143,-0.92054,-0.38393,-0.22205,0.36045,-0.90596,0.97236,0.15061,-0.1784
0.026977,-0.99955,-0.013121,-0.026649,0.012402,-0.99957,0.99928,0.027315,-0.026303,-0.033792,-0.93419,-0.35517,0.15554,0.34613,-0.92521,0.98725,-0.086506,0.1336,-0.15797,-0.95766,-0.24069,-0.32838,0.28083,-0.90183,0.93124,-0.063425,-0.35884,0.071924,-0.9206,-0.38382,-0.22228,0.36035,-0.90595,0.97233,0.15048,-0.17872
0.027041,-0.99955,-0.012893,-0.026824,0.012167,-0.99957,0.99927,0.027376,-0.026483,-0.033872,-0.93419,-0.35516,0.15542,0.34612,-0.92523,0.98727,-0.086537,0.13346,-0.158,-0.95768,-0.24058,-0.32835,0.28073,-0.90187,0.93125,-0.063504,-0.35881,0.071767,-0.92066,-0.38371,-0.22255,0.36022,-0.90593,0.97228,0.15041,-0.17904
0.027123,-0.99955,-0.012624,-0.02689,0.011895,-0.99957,0.99927,0.02745,-0.026555,-0.033929,-0.93425,-0.35501,0.15536,0.34596,-0.9253,0.98728,-0.086548,0.13341,-0.15799,-0.95772,-0.24043,-0.32828,0.28058,-0.90195,0.93127,-0.063567,-0.35873,0.071524,-0.92075,-0.38353,-0.22274,0.36006,-0.90595,0.97225,0.15022,-0.17933
0.027137,-0.99955,-0.012534,-0.026955,0.011802,-0.99957,0.99927,0.027463,-0.026623,-0.034001,-0.93426,-0.35496,0.15539,0.34591,-0.92531,0.98727,-0.086621,0.13342,-0.15789,-0.95772,-0.24051,-0.32815,0.28061,-0.90198,0.93134,-0.063488,-0.35858,0.071308,-0.92083,-0.38339,-0.22287,0.35994,-0.90596,0.97224,0.15005,-0.17956
0.027086,-0.99955,-0.012547,-0.027071,0.011814,-0.99956,0.99927,0.027414,-0.026738,-0.033982,-0.9343,-0.35486,0.15539,0.3458,-0.92535,0.98727,-0.086586,0.13343,-0.15777,-0.9577,-0.24065,-0.32805,0.2807,-0.90199,0.93139,-0.063365,-0.35846,0.071144,-0.92091,-0.38322,-0.22306,0.35978,-0.90598,0.9722,0.14994,-0.17983
0.026991,-0.99955,-0.012782,-0.027144,0.012049,-0.99956,0.99927,0.027326,-0.026807,-0.033924,-0.9343,-0.35488,0.15537,0.34583,-0.92534,0.98727,-0.086527,0.13343,-0.1577,-0.95765,-0.24092,-0.32796,0.28092,-0.90196,0.93144,-0.063224,-0.35837,0.071006,-0.92091,-0.38326,-0.22328,0.3598,-0.90592,0.97217,0.1499,-0.18007
0.026903,-0.99955,-0.013058,-0.027189,0.012327,-0.99955,0.99927,0.027246,-0.026845,-0.033871,-0.93429,-0.3549,0.15534,0.34587,-0.92533,0.98728,-0.086474,0.13342,-0.15765,-0.95759,-0.24117,-0.32784,0.28112,-0.90194,0.93149,-0.063121,-0.35825,0.070991,-0.92089,-0.3833,-0.22347,0.35981,-0.90587,0.97212,0.14996,-0.18025
0.026771,-0.99955,-0.013279,-0.027284,0.012548,-0.99955,0.99927,0.027121,-0.026936,-0.033783,-0.93427,-0.35495,0.15523,0.34594,-0.92533,0.9873,-0.086359,0.13334,-0.15769,-0.95751,-0.24146,-0.32765,0.28141,-0.90192,0.93155,-0.063108,-0.35811,0.070943,-0.92087,-0.38337,-0.22365,0.35986,-0.9058,0.97209,0.15,-0.18042
0.02663,-0.99955,-0.013591,-0.027432,0.01286,-0.99954,0.99927,0.02699,-0.027077,-0.033758,-0.93423,-0.35508,0.15505,0.34609,-0.9253,0.98733,-0.086291,0.13317,-0.15788,-0.9574,-0.24179,-0.3276,0.28177,-0.90182,0.93153,-0.063168,-0.35813,0.070812,-0.9208,-0.38355,-0.22387,0.36004,-0.90568,0.97204,0.15,-0.18064
0.026564,-0.99955,-0.013721,-0.027698,0.012985,-0.99953,0.99926,0.026932,-0.027341,-0.03376,-0.93421,-0.35512,0.15488,0.34614,-0.92531,0.98736,-0.086239,0.133,-0.15789,-0.95736,-0.24195,-0.32764,0.28194,-0.90175,0.93152,-0.063103,-0.35819,0.070697,-0.92078,-0.38363,-0.22421,0.36008,-0.90558,0.97197,0.15004,-0.181
0.0266,-0.99955,-0.013808,-0.02792,0.013065,-0.99952,0.99926,0.026973,-0.02756,-0.033719,-0.93419,-0.35519,0.1548,0.34622,-0.92529,0.98737,-0.086183,0.13294,-0.15782,-0.95732,-0.24212,-0.3277,0.28207,-0.90169,0.93151,-0.062963,-0.35823,0.070594,-0.92078,-0.38365,-0.22454,0.36007,-0.9055,0.97191,0.15007,-0.18133
0.026757,-0.99955,-0.013911,-0.028107,0.013158,-0.99952,0.99925,0.027135,-0.027743,-0.033627,-0.93417,-0.35523,0.15474,0.34628,-0.92528,0.98738,-0.086083,0.13291,-0.15774,-0.95732,-0.2422,-0.32773,0.28212,-0.90167,0.93151,-0.062849,-0.35824,0.070462,-0.92076,-0.3837,-0.22475,0.36011,-0.90543,0.97187,0.15004,-0.18157
0.026925,-0.99954,-0.014078,-0.02834,0.013314,-0.99951,0.99924,0.027311,-0.027968,-0.033629,-0.93415,-0.35529,0.15464,0.34635,-0.92527,0.9874,-0.086057,0.13281,-0.15756,-0.9573,-0.24238,-0.32777,0.28223,-0.90162,0.93153,-0.062616,-0.35824,0.070274,-0.92076,-0.38375,-0.22498,0.36016,-0.90536,0.97183,0.14996,-0.18184
0.027033,-0.99953,-0.014276,-0.028465,0.013505,-0.9995,0.99923,0.027426,-0.028087,-0.033676,-0.93414,-0.35532,0.15462,0.34637,-0.92527,0.9874,-0.0861,0.13277,-0.15741,-0.95726,-0.24263,-0.32771,0.2824,-0.90158,0.93157,-0.062403,-0.35816,0.070107,-0.92076,-0.38377,-0.22508,0.3602,-0.90532,0.97181,0.14985,-0.18199
0.027163,-0.99953,-0.014491,-0.028535,0.013716,-0.9995,0.99922,0.027562,-0.028149,-0.033666,-0.93409,-0.35545,0.15468,0.34649,-0.92521,0.98739,-0.086128,0.13282,-0.15729,-0.95724,-0.24278,-0.32765,0.2825,-0.90158,0.93161,-0.062261,-0.35807,0.069935,-0.92075,-0.38384,-0.22521,0.36028,-0.90525,0.9718,0.14975,-0.18216
0.027193,-0.99952,-0.014705,-0.028606,0.013926,-0.99949,0.99922,0.0276,-0.028213,-0.033658,-0.93404,-0.35557,0.15473,0.34662,-0.92516,0.98738,-0.086155,0.13285,-0.15717,-0.95721,-0.24299,-0.32752,0.28265,-0.90158,0.93168,-0.062114,-0.35793,0.069816,-0.92073,-0.3839,-0.22534,0.36033,-0.9052,0.97178,0.1497,-0.18232
0.027243,-0.99952,-0.014894,-0.028642,0.014113,-0.99949,0.99922,0.027656,-0.028244,-0.033565,-0.93401,-0.35567,0.15476,0.34672,-0.92511,0.98738,-0.086096,0.13291,-0.1571,-0.95716,-0.24323,-0.32743,0.28284,-0.90155,0.93172,-0.061996,-0.35783,0.069753,-0.92071,-0.38396,-0.22551,0.36038,-0.90514,0.97174,0.14972,-0.18249
0.027267,-0.99951,-0.015199,-0.028637,0.014418,-0.99949,0.99922,0.027688,-0.02823,-0.033455,-0.93397,-0.35578,0.15484,0.34684,-0.92506,0.98737,-0.086036,0.13301,-0.15701,-0.95711,-0.24347,-0.32731,0.28303,-0.90153,0.93178,-0.061861,-0.35771,0.069725,-0.92067,-0.38407,-0.22565,0.36048,-0.90506,0.97171,0.14977,-0.18261
0.027219,-0.99951,-0.015322,-0.028654,0.014541,-0.99948,0.99922,0.027644,-0.028244,-0.033335,-0.93396,-0.35582,0.15479,0.3469,-0.92504,0.98738,-0.085914,0.133,-0.15715,-0.95704,-0.24367,-0.32716,0.28326,-0.90152,0.93181,-0.061951,-0.35762,0.06964,-0.92066,-0.3841,-0.22577,0.3605,-0.90502,0.97169,0.14974,-0.18275
0.027198,-0.99951,-0.015467,-0.028738,0.014685,-0.99948,0.99922,0.027628,-0.028325,-0.033266,-0.93396,-0.35583,0.15454,0.34694,-0.92507,0.98743,-0.085762,0.13279,-0.15725,-0.95698,-0.24384,-0.32712,0.28345,-0.90147,0.93181,-0.061993,-0.35762,0.06956,-0.92064,-0.38417,-0.22599,0.36055,-0.90495,0.97164,0.14977,-0.18297
0.027171,-0.99951,-0.015476,-0.028752,0.014694,-0.99948,0.99922,0.027602,-0.028338,-0.033202,-0.93395,-0.35585,0.15437,0.34698,-0.92508,0.98746,-0.085646,0.13265,-0.15736,-0.95695,-0.24391,-0.32705,0.28355,-0.90147,0.93181,-0.062081,-0.35759,0.069496,-0.92063,-0.38419,-0.22619,0.36055,-0.9049,0.9716,0.14979,-0.18318
0.02706,-0.99952,-0.015374,-0.028774,0.014594,-0.99948,0.99922,0.027489,-0.028365,-0.033217,-0.93395,-0.35585,0.15436,0.34698,-0.92508,0.98746,-0.085659,0.13264,-0.15752,-0.95694,-0.24384,-0.32702,0.28354,-0.90148,0.9318,-0.062259,-0.3576,0.069423,-0.92064,-0.38419,-0.22637,0.36053,-0.90486,0.97156,0.14979,-0.18338
0.027037,-0.99952,-0.015231,-0.028902,0.014449,-0.99948,0.99922,0.027463,-0.028497,-0.033266,-0.93395,-0.35586,0.15436,0.34698,-0.92508,0.98745,-0.085705,0.13262,-0.15769,-0.95694,-0.24372,-0.32704,0.28349,-0.90149,0.93176,-0.062447,-0.35766,0.069328,-0.92067,-0.38413,-0.22658,0.36046,-0.90484,0.97152,0.14977,-0.18362
0.026971,-0.99952,-0.015036,-0.029078,0.014251,-0.99948,0.99921,0.027394,-0.02868,-0.033281,-0.93397,-0.3558,0.15433,0.34692,-0.92511,0.98746,-0.0857,0.1326,-0.15792,-0.95694,-0.24359,-0.32707,0.28345,-0.90149,0.93171,-0.062693,-0.35775,0.069197,-0.92073,-0.38403,-0.22683,0.36034,-0.90482,0.97147,0.14972,-0.18392
0.026989,-0.99953,-0.014771,-0.029422,0.013976,-0.99947,0.9992,0.027409,-0.029031,-0.033355,-0.934,-0.3557,0.15423,0.34683,-0.92516,0.98747,-0.08572,0.13249,-0.15811,-0.95695,-0.2434,-0.32713,0.28334,-0.9015,0.93166,-0.062915,-0.35785,0.069127,-0.92077,-0.38392,-0.22712,0.36021,-0.9048,0.97141,0.14974,-0.18422
0.027088,-0.99953,-0.014473,-0.029608,0.01367,-0.99947,0.99919,0.027502,-0.029224,-0.033395,-0.93403,-0.35563,0.15419,0.34675,-0.9252,0.98748,-0.08573,0.13243,-0.15834,-0.95697,-0.24316,-0.32717,0.28321,-0.90153,0.9316,-0.063195,-0.35794,0.069037,-0.92085,-0.38375,-0.22732,0.36003,-0.90482,0.97137,0.1497,-0.18447
0.027267,-0.99953,-0.014138,-0.029816,0.013324,-0.99947,0.99918,0.027674,-0.029439,-0.03333,-0.93411,-0.35544,0.15406,0.34658,-0.92528,0.9875,-0.085598,0.13236,-0.1584,-0.95704,-0.24288,-0.32723,0.28296,-0.90158,0.93157,-0.063338,-0.35799,0.068943,-0.92095,-0.38354,-0.22757,0.3598,-0.90485,0.97132,0.14967,-0.18478
0.02747,-0.99953,-0.013828,-0.029882,0.013006,-0.99947,0.99918,0.027868,-0.029511,-0.033268,-0.93417,-0.35527,0.15402,0.34643,-0.92535,0.98751,-0.085503,0.13236,-0.15846,-0.95709,-0.24262,-0.32724,0.28275,-0.90165,0.93156,-0.06348,-0.358,0.068901,-0.92104,-0.38333,-0.22777,0.35957,-0.90489,0.97127,0.14966,-0.18501
0.027599,-0.99953,-0.013496,-0.029916,0.012669,-0.99947,0.99917,0.027988,-0.029552,-0.033247,-0.93422,-0.35513,0.15396,0.3463,-0.9254,0.98752,-0.085443,0.13232,-0.15854,-0.95714,-0.24236,-0.32724,0.28253,-0.90171,0.93154,-0.063648,-0.35801,0.068848,-0.92112,-0.38315,-0.2279,0.35938,-0.90493,0.97125,0.14962,-0.18518
0.027739,-0.99953,-0.013306,-0.029872,0.012476,-0.99948,0.99917,0.028122,-0.029512,-0.033127,-0.93424,-0.35512,0.15392,0.3463,-0.92541,0.98753,-0.085317,0.13233,-0.15862,-0.95715,-0.24229,-0.32721,0.28248,-0.90174,0.93155,-0.063752,-0.35799,0.068939,-0.92114,-0.38308,-0.22797,0.35928,-0.90496,0.97122,0.14972,-0.18523
0.027744,-0.99953,-0.013154,-0.029789,0.012326,-0.99948,0.99917,0.028121,-0.029433,-0.033165,-0.93424,-0.35511,0.15397,0.34629,-0.92541,0.98752,-0.085367,0.13236,-0.15878,-0.95713,-0.24226,-0.32703,0.28251,-0.9018,0.93158,-0.063957,-0.35787,0.06896,-0.92117,-0.38299,-0.22799,0.3592,-0.90499,0.97122,0.14973,-0.18525
0.027631,-0.99953,-0.013205,-0.029835,0.01238,-0.99948,0.99917,0.02801,-0.029479,-0.033211,-0.9342,-0.3552,0.15405,0.34636,-0.92536,0.9875,-0.085452,0.13241,-0.15896,-0.95705,-0.24246,-0.32682,0.28274,-0.9018,0.93162,-0.06411,-0.35772,0.068981,-0.92115,-0.38305,-0.22801,0.35924,-0.90496,0.97121,0.14977,-0.18525
0.027473,-0.99953,-0.013272,-0.029944,0.012448,-0.99947,0.99917,0.027856,-0.029588,-0.033172,-0.93417,-0.35528,0.15406,0.34645,-0.92533,0.9875,-0.085431,0.13243,-0.15911,-0.95697,-0.24268,-0.32662,0.28299,-0.90179,0.93167,-0.064215,-0.35759,0.068979,-0.92113,-0.3831,-0.22809,0.35928,-0.90492,0.97119,0.1498,-0.18532
0.027384,-0.99953,-0.01346,-0.030048,0.012636,-0.99947,0.99917,0.027774,-0.029688,-0.033167,-0.93415,-0.35535,0.15407,0.34651,-0.92531,0.9875,-0.085439,0.13244,-0.15927,-0.95687,-0.24296,-0.32644,0.2833,-0.90176,0.9317,-0.064307,-0.35748,0.068951,-0.92109,-0.38318,-0.22817,0.35936,-0.90488,0.97118,0.14982,-0.18539
0.027402,-0.99953,-0.013631,-0.030166,0.012803,-0.99946,0.99917,0.027799,-0.029801,-0.033156,-0.93414,-0.35537,0.15402,0.34654,-0.9253,0.98751,-0.085415,0.13239,-0.15938,-0.95679,-0.24322,-0.32637,0.28359,-0.9017,0.93171,-0.064332,-0.35746,0.06887,-0.92109,-0.38321,-0.22826,0.35938,-0.90484,0.97116,0.14979,-0.1855
0.027379,-0.99953,-0.013829,-0.030289,0.012998,-0.99946,0.99917,0.027783,-0.029919,-0.033165,-0.93412,-0.35541,0.154,0.34658,-0.92529,0.98751,-0.085419,0.13236,-0.1595,-0.95671,-0.24345,-0.32631,0.28384,-0.90164,0.93171,-0.06437,-0.35746,0.06871,-0.92109,-0.38324,-0.22832,0.35943,-0.90481,0.97116,0.14967,-0.18561
0.027443,-0.99953,-0.013951,-0.030362,0.013117,-0.99945,0.99916,0.027851,-0.029987,-0.033226,-0.93409,-0.3555,0.15402,0.34666,-0.92526,0.98751,-0.085496,0.13235,-0.15956,-0.95666,-0.24361,-0.32624,0.284,-0.90162,0.93172,-0.064385,-0.35741,0.068618,-0.92107,-0.38329,-0.22839,0.35949,-0.90477,0.97115,0.14962,-0.1857
0.027574,-0.99952,-0.014085,-0.030405,0.013245,-0.99945,0.99916,0.027987,-0.030025,-0.033293,-0.93401,-0.3557,0.15404,0.34685,-0.92519,0.9875,-0.085594,0.13233,-0.15947,-0.95663,-0.2438,-0.32621,0.28415,-0.90158,0.93175,-0.064249,-0.35738,0.068485,-0.92105,-0.38337,-0.22841,0.35959,-0.90472,0.97115,0.14953,-0.18575
0.027656,-0.99952,-0.014249,-0.030395,0.013407,-0.99945,0.99916,0.028074,-0.030009,-0.03352,-0.93395,-0.35584,0.15406,0.34696,-0.92514,0.98749,-0.085833,0.13226,-0.15949,-0.95658,-0.24396,-0.32613,0.2843,-0.90156,0.93177,-0.064227,-0.35731,0.068333,-0.92101,-0.38349,-0.22848,0.35972,-0.90465,0.97115,0.14944,-0.18585
0.027812,-0.99951,-0.014418,-0.0305,0.013568,-0.99944,0.99915,0.028236,-0.030107,-0.03367,-0.93387,-0.35601,0.15406,0.34711,-0.92509,0.98749,-0.085993,0.13218,-0.15945,-0.95655,-0.24409,-0.32609,0.28441,-0.90154,0.9318,-0.064154,-0.35727,0.068151,-0.92098,-0.38361,-0.22858,0.35986,-0.90457,0.97114,0.14933,-0.18599
0.027908,-0.9995,-0.014525,-0.030531,0.013672,-0.99944,0.99914,0.028336,-0.030134,-0.033726,-0.93385,-0.35607,0.15405,0.34715,-0.92507,0.98749,-0.086049,0.13215,-0.1594,-0.95653,-0.24422,-0.32594,0.2845,-0.90157,0.93186,-0.064106,-0.35712,0.068036,-0.92098,-0.38362,-0.22861,0.35989,-0.90455,0.97114,0.14924,-0.18606
0.027912,-0.9995,-0.0147,-0.030608,0.013844,-0.99944,0.99914,0.028346,-0.030206,-0.033684,-0.93385,-0.35607,0.15406,0.34717,-0.92506,0.98749,-0.086016,0.13217,-0.1594,-0.95647,-0.24444,-0.32574,0.2847,-0.90158,0.93193,-0.064089,-0.35694,0.067948,-0.92098,-0.38364,-0.22867,0.35991,-0.90453,0.97113,0.14919,-0.18615
0.02788,-0.9995,-0.014846,-0.030659,0.013989,-0.99943,0.99914,0.02832,-0.030253,-0.033408,-0.93387,-0.35606,0.15401,0.34719,-0.92506,0.9875,-0.085742,0.13223,-0.15947,-0.95642,-0.24461,-0.32558,0.28487,-0.90158,0.93197,-0.064131,-0.35682,0.067928,-0.92099,-0.38363,-0.22877,0.35989,-0.90451,0.97111,0.14921,-0.18625
0.0278,-0.9995,-0.014982,-0.030814,0.014124,-0.99943,0.99914,0.028246,-0.030406,-0.033282,-0.93389,-0.356,0.15395,0.34716,-0.92508,0.98752,-0.085594,0.13221,-0.15971,-0.95632,-0.24484,-0.32538,0.28516,-0.90156,0.932,-0.064319,-0.35671,0.067824,-0.92099,-0.38364,-0.22891,0.3599,-0.90447,0.97108,0.14916,-0.18642
0.027777,-0.9995,-0.015161,-0.031056,0.014297,-0.99942,0.99913,0.028232,-0.030643,-0.033135,-0.93389,-0.35601,0.15382,0.3472,-0.92509,0.98754,-0.085414,0.13215,-0.15986,-0.95625,-0.24503,-0.32529,0.28539,-0.90152,0.93201,-0.064411,-0.35667,0.06777,-0.92095,-0.38373,-0.22918,0.35996,-0.90438,0.97102,0.14923,-0.18667
0.027781,-0.9995,-0.015331,-0.031259,0.014461,-0.99941,0.99913,0.028244,-0.030842,-0.033095,-0.93389,-0.35602,0.15375,0.34722,-0.92509,0.98756,-0.085355,0.1321,-0.15988,-0.95621,-0.24515,-0.32526,0.2855,-0.90149,0.93201,-0.064393,-0.35667,0.067687,-0.92091,-0.38385,-0.22936,0.36006,-0.9043,0.97098,0.14925,-0.18685
0.027876,-0.99949,-0.01546,-0.03154,0.014579,-0.9994,0.99911,0.028347,-0.031118,-0.033211,-0.93387,-0.35606,0.15365,0.34725,-0.9251,0.98757,-0.085433,0.13196,-0.15991,-0.95617,-0.24529,-0.32534,0.28566,-0.90142,0.93198,-0.064343,-0.35676,0.067502,-0.92088,-0.38395,-0.22953,0.36017,-0.90421,0.97096,0.14916,-0.18706
0.028143,-0.99948,-0.015605,-0.031817,0.014707,-0.99939,0.9991,0.028622,-0.031386,-0.033361,-0.93384,-0.35612,0.15352,0.3473,-0.9251,0.98758,-0.085534,0.13178,-0.15983,-0.95616,-0.24538,-0.32545,0.28572,-0.90136,0.93195,-0.064201,-0.35685,0.0674,-0.92085,-0.38405,-0.22972,0.36026,-0.90412,0.97092,0.14916,-0.18725
0.028366,-0.99947,-0.015774,-0.031988,0.014865,-0.99938,0.99909,0.028853,-0.031549,-0.033454,-0.93381,-0.3562,0.15346,0.34737,-0.92509,0.98759,-0.085609,0.13168,-0.15972,-0.95618,-0.24538,-0.32551,0.28568,-0.90135,0.93195,-0.064092,-0.35688,0.06735,-0.92081,-0.38415,-0.22984,0.36035,-0.90406,0.9709,0.14918,-0.18737
0.028584,-0.99946,-0.015931,-0.032251,0.015007,-0.99937,0.99907,0.029079,-0.031805,-0.033423,-0.93379,-0.35626,0.15334,0.34745,-0.92508,0.98761,-0.085548,0.13157,-0.15961,-0.9562,-0.24538,-0.3256,0.28565,-0.90133,0.93194,-0.063961,-0.35693,0.067255,-0.92076,-0.3843,-0.23005,0.36048,-0.90395,0.97085,0.1492,-0.18757
0.028725,-0.99946,-0.016151,-0.032444,0.015217,-0.99936,0.99906,0.02923,-0.03199,-0.033382,-0.93377,-0.35632,0.15327,0.34752,-0.92506,0.98762,-0.085494,0.13152,-0.15947,-0.95619,-0.24549,-0.32565,0.28571,-0.90129,0.93195,-0.06379,-0.35694,0.067179,-0.92072,-0.3844,-0.23024,0.36056,-0.90387,0.97081,0.14923,-0.18777
0.02884,-0.99945,-0.016483,-0.032695,0.015538,-0.99934,0.99905,0.02936,-0.032229,-0.03332,-0.93371,-0.35649,0.15314,0.3477,-0.92501,0.98764,-0.085414,0.1314,-0.1594,-0.95614,-0.24573,-0.32566,0.28591,-0.90122,0.93195,-0.06363,-0.35695,0.06709,-0.92064,-0.3846,-0.23056,0.36073,-0.90372,0.97074,0.14931,-0.18806
0.028974,-0.99944,-0.016752,-0.032946,0.015795,-0.99933,0.99904,0.029507,-0.03247,-0.033183,-0.93366,-0.35662,0.15298,0.34787,-0.92498,0.98767,-0.08525,0.13129,-0.15934,-0.95609,-0.24596,-0.32559,0.2861,-0.90119,0.93199,-0.063513,-0.35688,0.067063,-0.92056,-0.3848,-0.23095,0.36087,-0.90357,0.97065,0.14947,-0.1884
0.029031,-0.99944,-0.016904,-0.033236,0.015936,-0.99932,0.99903,0.029574,-0.032754,-0.033074,-0.93366,-0.35663,0.15283,0.3479,-0.92499,0.9877,-0.085096,0.13118,-0.15934,-0.95606,-0.24609,-0.32559,0.28622,-0.90115,0.93199,-0.063463,-0.35688,0.066921,-0.92054,-0.38487,-0.23132,0.36091,-0.90346,0.97057,0.14949,-0.18879
0.029079,-0.99943,-0.017125,-0.033445,0.01615,-0.99931,0.99902,0.029632,-0.032956,-0.032958,-0.93363,-0.35672,0.15276,0.34802,-0.92496,0.98771,-0.084976,0.13115,-0.15931,-0.95604,-0.24617,-0.32554,0.28628,-0.90115,0.93201,-0.063425,-0.35684,0.066802,-0.9205,-0.38499,-0.23159,0.36101,-0.90335,0.97052,0.1495,-0.18906
0.029075,-0.99943,-0.017356,-0.03374,0.016372,-0.9993,0.99901,0.02964,-0.033244,-0.032963,-0.9336,-0.35681,0.15268,0.34811,-0.92494,0.98773,-0.084965,0.13106,-0.15932,-0.95602,-0.24627,-0.32557,0.28638,-0.9011,0.932,-0.063384,-0.35688,0.066632,-0.92046,-0.3851,-0.2319,0.36111,-0.90323,0.97046,0.14949,-0.18939
0.029195,-0.99942,-0.017679,-0.034089,0.016681,-0.99928,0.99899,0.029776,-0.033582,-0.033031,-0.93356,-0.35691,0.15249,0.34821,-0.92493,0.98775,-0.084978,0.13086,-0.15933,-0.95597,-0.24644,-0.32568,0.28655,-0.90101,0.93196,-0.063291,-0.357,0.066613,-0.92039,-0.38528,-0.23229,0.36123,-0.90308,0.97036,0.14965,-0.18973
0.029262,-0.99941,-0.01793,-0.034423,0.01692,-0.99926,0.99898,0.029858,-0.033907,-0.033061,-0.93353,-0.35698,0.15241,0.34829,-0.92491,0.98776,-0.084987,0.13077,-0.15924,-0.95594,-0.2466,-0.32573,0.28668,-0.90095,0.93196,-0.063145,-0.35703,0.066562,-0.92037,-0.38534,-0.23263,0.36124,-0.90299,0.97029,0.14975,-0.19006
0.029361,-0.9994,-0.018145,-0.034542,0.017127,-0.99926,0.99897,0.029966,-0.034018,-0.033051,-0.93351,-0.35702,0.15234,0.34833,-0.92491,0.98777,-0.084959,0.1307,-0.15917,-0.95594,-0.24667,-0.32565,0.28671,-0.90097,0.932,-0.063078,-0.35694,0.066784,-0.92026,-0.38556,-0.23274,0.3614,-0.9029,0.97024,0.15004,-0.19005
0.029451,-0.9994,-0.018143,-0.034606,0.01712,-0.99925,0.99897,0.030057,-0.034081,-0.032978,-0.93351,-0.35703,0.15238,0.34835,-0.9249,0.98777,-0.084904,0.13076,-0.15909,-0.95599,-0.24653,-0.32558,0.28654,-0.90105,0.93203,-0.063086,-0.35684,0.067003,-0.92024,-0.38558,-0.2329,0.36135,-0.90288,0.97019,0.1503,-0.19011
0.029635,-0.9994,-0.018136,-0.034841,0.0171,-0.99925,0.99895,0.030244,-0.034313,-0.032942,-0.9335,-0.35707,0.15233,0.3484,-0.92488,0.98778,-0.084861,0.13072,-0.1591,-0.95601,-0.24643,-0.32554,0.28645,-0.90109,0.93205,-0.063143,-0.35679,0.067223,-0.92016,-0.38572,-0.23312,0.36141,-0.9028,0.97012,0.15061,-0.19021
0.029814,-0.99939,-0.018189,-0.035181,0.017137,-0.99923,0.99894,0.030431,-0.034648,-0.032862,-0.93347,-0.35714,0.15215,0.34849,-0.92488,0.98781,-0.084733,0.13058,-0.15904,-0.95601,-0.24646,-0.32564,0.28647,-0.90105,0.93202,-0.063049,-0.35687,0.067421,-0.92008,-0.38589,-0.23346,0.36149,-0.90268,0.97003,0.15095,-0.19043
0.029864,-0.99939,-0.018317,-0.035424,0.017255,-0.99922,0.99893,0.03049,-0.034887,-0.032801,-0.93344,-0.35722,0.152,0.34859,-0.92487,0.98784,-0.084635,0.13045,-0.15902,-0.95599,-0.24657,-0.32569,0.28656,-0.901,0.93201,-0.062967,-0.35693,0.067563,-0.92001,-0.38604,-0.23375,0.36156,-0.90257,0.96995,0.15122,-0.19062
0.029891,-0.99938,-0.018466,-0.035673,0.017396,-0.99921,0.99892,0.030526,-0.035131,-0.032825,-0.93346,-0.35718,0.15173,0.34857,-0.92492,0.98788,-0.084556,0.1302,-0.159,-0.95597,-0.24667,-0.32576,0.28666,-0.90095,0.93199,-0.062897,-0.357,0.067598,-0.91994,-0.3862,-0.234,0.36167,-0.90246,0.96988,0.15137,-0.19082
0.029891,-0.99938,-0.01868,-0.035919,0.017602,-0.9992,0.99891,0.030538,-0.03537,-0.032834,-0.93345,-0.35719,0.15143,0.34861,-0.92495,0.98792,-0.084457,0.1299,-0.15901,-0.95593,-0.24682,-0.32582,0.2868,-0.90088,0.93196,-0.06283,-0.35707,0.067398,-0.91994,-0.38622,-0.23431,0.36168,-0.90238,0.96982,0.15131,-0.19117
0.029928,-0.99937,-0.018927,-0.036109,0.017842,-0.99919,0.9989,0.030587,-0.035552,-0.032838,-0.93343,-0.35725,0.15129,0.34868,-0.92495,0.98794,-0.08442,0.12977,-0.15905,-0.95587,-0.24701,-0.3258,0.287,-0.90083,0.93197,-0.062797,-0.35707,0.067251,-0.91993,-0.38626,-0.23456,0.36171,-0.9023,0.96977,0.15128,-0.19145
0.030014,-0.99937,-0.019118,-0.036328,0.018024,-0.99918,0.99889,0.030684,-0.035764,-0.032865,-0.93342,-0.35727,0.1512,0.3487,-0.92496,0.98796,-0.084418,0.12968,-0.15902,-0.95584,-0.24715,-0.32583,0.28712,-0.90077,0.93196,-0.062715,-0.3571,0.067166,-0.9199,-0.38635,-0.23486,0.36177,-0.9022,0.96971,0.15134,-0.19175
0.029989,-0.99936,-0.019303,-0.036479,0.018205,-0.99917,0.99888,0.030668,-0.035909,-0.032933,-0.93338,-0.35738,0.15121,0.3488,-0.92492,0.98795,-0.084501,0.12965,-0.15906,-0.95579,-0.2473,-0.32576,0.28728,-0.90075,0.93198,-0.062711,-0.35705,0.067032,-0.91987,-0.38646,-0.23507,0.36187,-0.9021,0.96966,0.15132,-0.19198
0.029958,-0.99936,-0.019409,-0.036697,0.018305,-0.99916,0.99888,0.030645,-0.036125,-0.032914,-0.93334,-0.35749,0.15118,0.34892,-0.92488,0.98796,-0.084486,0.12961,-0.15904,-0.95578,-0.24739,-0.32572,0.28734,-0.90074,0.93199,-0.062675,-0.35701,0.06692,-0.91983,-0.38657,-0.23528,0.36196,-0.90201,0.96962,0.15131,-0.1922
0.030043,-0.99936,-0.01946,-0.036889,0.018347,-0.99915,0.99887,0.030735,-0.036315,-0.032921,-0.93331,-0.35756,0.15099,0.349,-0.92488,0.98799,-0.084437,0.12943,-0.1591,-0.95578,-0.24734,-0.32567,0.28732,-0.90077,0.932,-0.062763,-0.35698,0.066819,-0.91983,-0.3866,-0.23549,0.36198,-0.90195,0.96958,0.15131,-0.19243
0.030186,-0.99936,-0.019376,-0.037134,0.01825,-0.99914,0.99885,0.03088,-0.036559,-0.032899,-0.9333,-0.35758,0.15083,0.34904,-0.92489,0.98801,-0.084361,0.12928,-0.15911,-0.9558,-0.24723,-0.32571,0.28722,-0.90079,0.93198,-0.062801,-0.35702,0.066735,-0.91981,-0.38666,-0.23579,0.36201,-0.90186,0.96951,0.15135,-0.19272
0.030466,-0.99935,-0.019141,-0.03739,0.017997,-0.99914,0.99884,0.031156,-0.036818,-0.032825,-0.93332,-0.35755,0.15066,0.34904,-0.92492,0.98804,-0.08423,0.12916,-0.15913,-0.95587,-0.24694,-0.32576,0.28696,-0.90085,0.93197,-0.06291,-0.35705,0.066692,-0.91984,-0.38658,-0.23608,0.36189,-0.90183,0.96944,0.15141,-0.19302
