-0.13557,-0.99069,-0.012471,-0.0059059,0.013395,-0.99989,0.99075,-0.13548,-0.0076669,-0.14201,-0.9333,-0.32983,0.1505,0.30897,-0.93909,0.97836,-0.183,0.096589,-0.024963,-0.97832,-0.20558,-0.66828,0.16927,-0.7244,0.74349,0.1193,-0.65802,-0.065635,-0.92799,-0.36679,0.1064,0.35898,-0.92726,0.99215,-0.099888,0.075179
-0.13523,-0.99074,-0.012376,-0.0056704,0.013264,-0.9999,0.9908,-0.13515,-0.0074116,-0.14194,-0.93328,-0.32991,0.15091,0.30898,-0.93902,0.97831,-0.18307,0.096983,-0.024986,-0.97837,-0.20534,-0.66811,0.16914,-0.72459,0.74364,0.11908,-0.65789,-0.065657,-0.92802,-0.36669,0.10662,0.35886,-0.92728,0.99213,-0.099981,0.075387
-0.13477,-0.9908,-0.012355,-0.0054749,0.013213,-0.9999,0.99086,-0.13468,-0.0072052,-0.14197,-0.93324,-0.33,0.1513,0.309,-0.93895,0.97824,-0.18323,0.097336,-0.024912,-0.97842,-0.20514,-0.66796,0.16897,-0.72476,0.74378,0.11897,-0.65775,-0.065599,-0.92806,-0.3666,0.10683,0.35874,-0.9273,0.99211,-0.099992,0.075608
-0.13431,-0.99086,-0.012453,-0.0052506,0.013278,-0.9999,0.99093,-0.13423,-0.006986,-0.14196,-0.93319,-0.33017,0.15151,0.30913,-0.93887,0.97821,-0.18331,0.097507,-0.024767,-0.97843,-0.20511,-0.66783,0.16887,-0.72491,0.7439,0.11902,-0.6576,-0.065545,-0.92806,-0.36662,0.10699,0.35876,-0.92728,0.9921,-0.1,0.075783
-0.13388,-0.99092,-0.012603,-0.0051325,0.01341,-0.9999,0.99098,-0.1338,-0.0068812,-0.14197,-0.93313,-0.33032,0.15171,0.30925,-0.9388,0.97818,-0.18339,0.097659,-0.024697,-0.97842,-0.20515,-0.66771,0.16887,-0.72501,0.74401,0.11907,-0.65747,-0.065569,-0.92801,-0.36674,0.10719,0.35886,-0.92722,0.99207,-0.10011,0.07594
-0.13343,-0.99097,-0.012825,-0.0050497,0.01362,-0.99989,0.99105,-0.13335,-0.0068215,-0.14203,-0.93307,-0.33046,0.15173,0.30937,-0.93876,0.97816,-0.18347,0.097637,-0.024561,-0.97841,-0.20519,-0.66764,0.16882,-0.72509,0.74408,0.11918,-0.65738,-0.065586,-0.92799,-0.36678,0.10724,0.35888,-0.9272,0.99207,-0.10014,0.075979
-0.13292,-0.99104,-0.013036,-0.0050815,0.013834,-0.99989,0.99111,-0.13284,-0.0068747,-0.14214,-0.93303,-0.33054,0.15171,0.30945,-0.93873,0.97815,-0.18358,0.097568,-0.024441,-0.97841,-0.20523,-0.66764,0.16878,-0.7251,0.74408,0.1193,-0.65735,-0.065613,-0.928,-0.36675,0.10725,0.35885,-0.92721,0.99206,-0.10017,0.075985
-0.1325,-0.99109,-0.013267,-0.0050505,0.01406,-0.99989,0.99117,-0.13241,-0.0068684,-0.14213,-0.933,-0.33061,0.15189,0.30949,-0.93869,0.97812,-0.18363,0.097727,-0.024397,-0.9784,-0.20527,-0.66764,0.16878,-0.7251,0.74408,0.11936,-0.65734,-0.065592,-0.92802,-0.36671,0.10724,0.35882,-0.92723,0.99207,-0.10014,0.075984
-0.13209,-0.99115,-0.013535,-0.0050402,0.014326,-0.99988,0.99123,-0.132,-0.0068878,-0.14212,-0.93296,-0.33073,0.15197,0.30959,-0.93865,0.97811,-0.18366,0.097782,-0.024379,-0.97839,-0.20535,-0.66769,0.16881,-0.72505,0.74404,0.11943,-0.65737,-0.065458,-0.92798,-0.36683,0.10724,0.35895,-0.92718,0.99208,-0.10003,0.076016
-0.13175,-0.99119,-0.013711,-0.0050008,0.014496,-0.99988,0.99127,-0.13167,-0.0068667,-0.14204,-0.93297,-0.33074,0.15192,0.30962,-0.93864,0.97813,-0.18357,0.097754,-0.024369,-0.97838,-0.20537,-0.66774,0.16881,-0.725,0.74399,0.11946,-0.65742,-0.065512,-0.92797,-0.36686,0.10722,0.35897,-0.92717,0.99207,-0.10007,0.075977
-0.13132,-0.99124,-0.013842,-0.0048848,0.01461,-0.99988,0.99133,-0.13124,-0.0067607,-0.14194,-0.93299,-0.33074,0.15182,0.30965,-0.93865,0.97816,-0.18345,0.097695,-0.024404,-0.97839,-0.2053,-0.66766,0.1688,-0.72507,0.74406,0.11938,-0.65736,-0.065513,-0.92799,-0.3668,0.10719,0.35892,-0.92719,0.99208,-0.10006,0.075958
-0.13078,-0.99131,-0.013915,-0.0047027,0.014656,-0.99988,0.9914,-0.1307,-0.0065786,-0.14175,-0.93303,-0.3307,0.15182,0.30963,-0.93866,0.97819,-0.18327,0.097766,-0.024139,-0.97841,-0.20525,-0.66757,0.16861,-0.72521,0.74416,0.11951,-0.65723,-0.065479,-0.92803,-0.36672,0.10728,0.35883,-0.92722,0.99207,-0.10006,0.076067
-0.13022,-0.99138,-0.01405,-0.0045851,0.014773,-0.99988,0.99147,-0.13014,-0.0064695,-0.14161,-0.93303,-0.33075,0.15185,0.30969,-0.93863,0.97821,-0.18314,0.097827,-0.023795,-0.97843,-0.20521,-0.6675,0.16836,-0.72533,0.74423,0.11972,-0.6571,-0.065409,-0.92803,-0.36672,0.10738,0.35882,-0.92721,0.99206,-0.10003,0.076182
-0.12967,-0.99146,-0.014118,-0.0045372,0.014831,-0.99988,0.99155,-0.12959,-0.0064216,-0.14158,-0.93302,-0.3308,0.15191,0.30973,-0.93861,0.9782,-0.18314,0.097887,-0.02345,-0.97845,-0.20515,-0.66743,0.1681,-0.72545,0.7443,0.11991,-0.65699,-0.065398,-0.92806,-0.36663,0.10743,0.35874,-0.92724,0.99206,-0.10003,0.076238
-0.12903,-0.99154,-0.014232,-0.0044919,0.014936,-0.99988,0.99163,-0.12895,-0.0063812,-0.14164,-0.93299,-0.33087,0.1521,0.30976,-0.93857,0.97816,-0.18326,0.09803,-0.023039,-0.97845,-0.20518,-0.66735,0.16786,-0.72558,0.74439,0.12021,-0.65684,-0.065386,-0.92809,-0.36658,0.10748,0.35867,-0.92725,0.99205,-0.10003,0.076299
-0.12842,-0.99162,-0.014201,-0.0044878,0.0149,-0.99988,0.99171,-0.12834,-0.0063637,-0.14173,-0.93298,-0.33085,0.15216,0.30972,-0.93857,0.97814,-0.18337,0.098064,-0.022775,-0.9785,-0.20497,-0.66732,0.16754,-0.72568,0.74442,0.12025,-0.65679,-0.065362,-0.92815,-0.36643,0.10752,0.35853,-0.92731,0.99205,-0.10001,0.076358
-0.12784,-0.99169,-0.014181,-0.00439,0.014864,-0.99988,0.99179,-0.12776,-0.0062537,-0.14165,-0.933,-0.33084,0.1523,0.30969,-0.93856,0.97813,-0.18333,0.098232,-0.022535,-0.97855,-0.20475,-0.66725,0.16724,-0.72581,0.74449,0.12027,-0.65671,-0.065345,-0.92821,-0.36628,0.10761,0.35836,-0.92736,0.99204,-0.10001,0.076469
-0.12731,-0.99176,-0.014236,-0.0043378,0.01491,-0.99988,0.99185,-0.12724,-0.0062003,-0.14153,-0.93297,-0.33097,0.15248,0.3098,-0.9385,0.97812,-0.18329,0.098412,-0.022405,-0.9786,-0.20454,-0.6672,0.167,-0.72592,0.74454,0.1202,-0.65666,-0.065331,-0.92821,-0.36627,0.10767,0.35835,-0.92736,0.99204,-0.10002,0.07653
-0.12705,-0.99179,-0.014272,-0.0043041,0.014939,-0.99988,0.99189,-0.12697,-0.0061668,-0.14135,-0.93296,-0.33106,0.15256,0.30989,-0.93845,0.97813,-0.18316,0.09853,-0.022558,-0.97864,-0.20435,-0.66715,0.16697,-0.72597,0.74458,0.11995,-0.65667,-0.065379,-0.92821,-0.36627,0.10775,0.35834,-0.92735,0.99203,-0.10009,0.076582
-0.12674,-0.99183,-0.014299,-0.0043732,0.014974,-0.99988,0.99193,-0.12667,-0.0062354,-0.14129,-0.93295,-0.33113,0.15246,0.30999,-0.93844,0.97816,-0.18308,0.098435,-0.022572,-0.97865,-0.2043,-0.66709,0.16695,-0.72603,0.74464,0.1199,-0.65661,-0.065432,-0.92818,-0.36632,0.10774,0.35839,-0.92733,0.99202,-0.10014,0.076548
-0.12646,-0.99187,-0.014276,-0.004503,0.014965,-0.99988,0.99196,-0.12638,-0.0063589,-0.14128,-0.93293,-0.33117,0.1523,0.31006,-0.93844,0.97818,-0.18302,0.09828,-0.02262,-0.97865,-0.20426,-0.66707,0.16696,-0.72605,0.74465,0.11983,-0.6566,-0.065466,-0.9282,-0.36628,0.10768,0.35835,-0.92736,0.99203,-0.10015,0.076487
-0.12622,-0.9919,-0.014124,-0.0046635,0.014831,-0.99988,0.99199,-0.12614,-0.0064978,-0.14139,-0.93296,-0.33105,0.15213,0.30996,-0.9385,0.97819,-0.18306,0.098109,-0.022694,-0.97866,-0.20422,-0.66706,0.16697,-0.72606,0.74466,0.11975,-0.65661,-0.065573,-0.92827,-0.36608,0.10759,0.35815,-0.92744,0.99203,-0.1002,0.076386
-0.12608,-0.99192,-0.013978,-0.0049375,0.014717,-0.99988,0.99201,-0.126,-0.0067533,-0.14165,-0.93296,-0.33094,0.15188,0.30986,-0.93857,0.9782,-0.18321,0.097811,-0.022941,-0.97868,-0.20411,-0.66715,0.16704,-0.72595,0.74457,0.11952,-0.65676,-0.065822,-0.92835,-0.36584,0.10739,0.35792,-0.92756,0.99204,-0.10034,0.076135
-0.12596,-0.99194,-0.013946,-0.005163,0.014713,-0.99988,0.99202,-0.12587,-0.0069746,-0.14205,-0.9329,-0.33094,0.15186,0.30983,-0.93859,0.97814,-0.18358,0.09766,-0.023246,-0.9787,-0.204,-0.66726,0.16714,-0.72583,0.74446,0.11925,-0.65693,-0.066172,-0.92836,-0.36575,0.10731,0.35781,-0.92761,0.99202,-0.10063,0.075949
-0.12579,-0.99196,-0.013838,-0.0054014,0.014633,-0.99988,0.99204,-0.1257,-0.0071987,-0.14235,-0.93287,-0.33089,0.15172,0.30978,-0.93863,0.97812,-0.18382,0.09744,-0.02358,-0.97871,-0.2039,-0.6674,0.16726,-0.72567,0.74432,0.11897,-0.65714,-0.066483,-0.9284,-0.36558,0.10718,0.35763,-0.92769,0.99201,-0.10086,0.075734
-0.12552,-0.992,-0.013566,-0.0056071,0.014383,-0.99988,0.99207,-0.12543,-0.0073677,-0.14257,-0.9329,-0.33072,0.1515,0.30963,-0.93871,0.97812,-0.18394,0.09719,-0.023883,-0.97876,-0.20362,-0.66747,0.16724,-0.72561,0.74425,0.11858,-0.65729,-0.066698,-0.9285,-0.36529,0.10722,0.35731,-0.92781,0.992,-0.10105,0.075721
-0.12535,-0.99202,-0.013298,-0.0058971,0.014148,-0.99988,0.9921,-0.12525,-0.0076235,-0.14286,-0.93288,-0.33064,0.15134,0.30955,-0.93876,0.9781,-0.18415,0.096958,-0.024212,-0.97881,-0.20333,-0.66759,0.16723,-0.72551,0.74414,0.11818,-0.65749,-0.067006,-0.92854,-0.36513,0.1072,0.35713,-0.92788,0.99198,-0.10132,0.075612
-0.12512,-0.99206,-0.013085,-0.006033,0.013949,-0.99988,0.99212,-0.12502,-0.0077303,-0.14315,-0.93285,-0.3306,0.15123,0.3095,-0.9388,0.97808,-0.18439,0.096767,-0.024487,-0.97886,-0.20304,-0.66762,0.16719,-0.72549,0.7441,0.11779,-0.6576,-0.067299,-0.92858,-0.36498,0.10719,0.35696,-0.92795,0.99196,-0.10157,0.075514
-0.12494,-0.99208,-0.012816,-0.0060544,0.013679,-0.99989,0.99215,-0.12485,-0.0077155,-0.14337,-0.93282,-0.3306,0.15128,0.30947,-0.9388,0.97804,-0.18461,0.096744,-0.024727,-0.97893,-0.20268,-0.66753,0.16709,-0.72559,0.74417,0.11736,-0.6576,-0.067529,-0.92863,-0.36481,0.1073,0.35676,-0.92801,0.99193,-0.10181,0.075551
-0.12472,-0.99211,-0.012602,-0.0060497,0.013461,-0.99989,0.99217,-0.12463,-0.0076809,-0.14354,-0.93277,-0.33067,0.15143,0.30949,-0.93877,0.97799,-0.18482,0.096827,-0.024921,-0.97898,-0.20243,-0.66743,0.16705,-0.72569,0.74425,0.11702,-0.65756,-0.067657,-0.92865,-0.36474,0.10754,0.35666,-0.92803,0.9919,-0.10201,0.075732
-0.12453,-0.99214,-0.012415,-0.0060077,0.013266,-0.99989,0.9922,-0.12444,-0.0076125,-0.14367,-0.93276,-0.33063,0.15159,0.30942,-0.93877,0.97795,-0.18499,0.096944,-0.025157,-0.97902,-0.20218,-0.66734,0.16703,-0.72578,0.74433,0.11667,-0.65755,-0.067763,-0.92869,-0.3646,0.10777,0.35649,-0.92806,0.99186,-0.10218,0.07593
-0.12436,-0.99216,-0.012279,-0.0060695,0.013135,-0.9999,0.99222,-0.12428,-0.0076555,-0.14386,-0.93274,-0.33061,0.15172,0.30935,-0.93877,0.9779,-0.18521,0.09701,-0.025386,-0.97906,-0.20198,-0.6673,0.16704,-0.72581,0.74435,0.11636,-0.65757,-0.067911,-0.92872,-0.3645,0.10787,0.35637,-0.9281,0.99184,-0.10235,0.075977
-0.12429,-0.99217,-0.012025,-0.0061405,0.012888,-0.9999,0.99223,-0.1242,-0.0076942,-0.14398,-0.93276,-0.3305,0.15188,0.30919,-0.93879,0.97786,-0.18536,0.097155,-0.025589,-0.97911,-0.2017,-0.66717,0.16698,-0.72595,0.74446,0.11599,-0.65751,-0.068062,-0.92881,-0.36425,0.10799,0.35609,-0.92819,0.99182,-0.10251,0.076065
-0.12429,-0.99217,-0.011918,-0.0062303,0.012791,-0.9999,0.99223,-0.1242,-0.0077713,-0.14417,-0.93274,-0.33048,0.15194,0.30915,-0.9388,0.97782,-0.18556,0.097154,-0.025863,-0.97914,-0.20152,-0.66708,0.16704,-0.72602,0.74454,0.11565,-0.65748,-0.068247,-0.92884,-0.36415,0.10811,0.35597,-0.92822,0.99179,-0.10272,0.076127
-0.12423,-0.99218,-0.011945,-0.0063241,0.01283,-0.9999,0.99223,-0.12414,-0.0078685,-0.14434,-0.93266,-0.33061,0.15206,0.30923,-0.93875,0.97777,-0.18578,0.097182,-0.026067,-0.97916,-0.20143,-0.66705,0.16711,-0.72603,0.74456,0.11544,-0.6575,-0.068409,-0.92885,-0.36408,0.10815,0.35588,-0.92825,0.99178,-0.10288,0.07611
-0.12431,-0.99217,-0.01199,-0.0063822,0.012883,-0.9999,0.99222,-0.12422,-0.0079337,-0.14457,-0.93258,-0.33075,0.15231,0.30931,-0.93869,0.9777,-0.18609,0.097324,-0.02631,-0.97916,-0.20138,-0.66703,0.16724,-0.72601,0.74456,0.11523,-0.65753,-0.068663,-0.92885,-0.36405,0.1082,0.35582,-0.92827,0.99175,-0.10313,0.076072
-0.1242,-0.99218,-0.012022,-0.0064118,0.012918,-0.9999,0.99224,-0.12411,-0.0079661,-0.14476,-0.93252,-0.33082,0.15252,0.30932,-0.93865,0.97764,-0.18633,0.097451,-0.026582,-0.97918,-0.20126,-0.66705,0.16732,-0.72598,0.74454,0.11495,-0.65761,-0.068905,-0.92885,-0.36399,0.10821,0.35575,-0.9283,0.99174,-0.10335,0.076001
-0.12411,-0.99219,-0.012092,-0.0064123,0.012988,-0.9999,0.99225,-0.12402,-0.0079742,-0.14489,-0.93248,-0.33089,0.15252,0.30937,-0.93863,0.97762,-0.18646,0.097399,-0.026872,-0.97918,-0.20119,-0.66709,0.16746,-0.72591,0.74449,0.11471,-0.65771,-0.06919,-0.92884,-0.36396,0.10819,0.35569,-0.92832,0.99172,-0.10361,0.075881
-0.12406,-0.9922,-0.012198,-0.0065919,0.013117,-0.99989,0.99225,-0.12396,-0.0081678,-0.14509,-0.93244,-0.33092,0.15241,0.3094,-0.93864,0.97761,-0.18662,0.097223,-0.027164,-0.97916,-0.20124,-0.66715,0.16768,-0.72581,0.74443,0.11454,-0.6578,-0.069457,-0.92882,-0.36397,0.10817,0.35568,-0.92833,0.9917,-0.10385,0.075762
-0.12393,-0.99221,-0.01237,-0.0067613,0.01331,-0.99989,0.99227,-0.12383,-0.0083582,-0.14523,-0.93236,-0.33108,0.1525,0.30954,-0.93858,0.97757,-0.1868,0.09723,-0.027402,-0.97912,-0.20142,-0.66717,0.16796,-0.72572,0.7444,0.11449,-0.65784,-0.069658,-0.92879,-0.364,0.10815,0.35571,-0.92832,0.99169,-0.10403,0.075668
-0.12377,-0.99223,-0.012485,-0.0069248,0.013445,-0.99989,0.99229,-0.12367,-0.0085351,-0.14536,-0.93233,-0.3311,0.15254,0.30953,-0.93857,0.97755,-0.18694,0.097221,-0.027518,-0.97911,-0.20146,-0.66723,0.16806,-0.72565,0.74435,0.11445,-0.65791,-0.069879,-0.92877,-0.364,0.10815,0.35569,-0.92833,0.99168,-0.10424,0.075589
-0.12354,-0.99226,-0.012547,-0.0070528,0.013522,-0.99988,0.99232,-0.12343,-0.0086687,-0.14544,-0.93232,-0.3311,0.1527,0.30949,-0.93856,0.97751,-0.18706,0.097352,-0.027562,-0.9791,-0.20149,-0.66719,0.16812,-0.72567,0.74438,0.11443,-0.65788,-0.069982,-0.92878,-0.36396,0.10822,0.35563,-0.92834,0.99166,-0.10436,0.075629
-0.12317,-0.99231,-0.012619,-0.007003,0.013585,-0.99988,0.99236,-0.12307,-0.0086223,-0.14544,-0.93234,-0.33104,0.15279,0.30942,-0.93857,0.9775,-0.18708,0.097452,-0.027516,-0.97911,-0.20146,-0.66711,0.16808,-0.72575,0.74445,0.11443,-0.6578,-0.070007,-0.92882,-0.36385,0.10837,0.35551,-0.92837,0.99164,-0.10442,0.075764
-0.1228,-0.99235,-0.012776,-0.0068532,0.013721,-0.99988,0.99241,-0.1227,-0.0084858,-0.14546,-0.9323,-0.33115,0.15297,0.30949,-0.93852,0.97747,-0.18717,0.097595,-0.02739,-0.9791,-0.20152,-0.66702,0.16805,-0.72584,0.74454,0.11453,-0.65768,-0.070006,-0.9288,-0.36391,0.10851,0.35555,-0.92834,0.99163,-0.10448,0.075892
-0.12242,-0.99239,-0.01301,-0.0066631,0.01393,-0.99988,0.99246,-0.12232,-0.0083178,-0.14542,-0.93223,-0.33135,0.15331,0.30963,-0.93842,0.97742,-0.18726,0.097892,-0.027307,-0.97907,-0.20168,-0.66687,0.16814,-0.72596,0.74467,0.11467,-0.65751,-0.069815,-0.92873,-0.36411,0.10868,0.35575,-0.92824,0.99162,-0.10438,0.076101
-0.12208,-0.99243,-0.013099,-0.0065524,0.014003,-0.99988,0.9925,-0.12198,-0.0082123,-0.14523,-0.93222,-0.33147,0.15361,0.30972,-0.93834,0.9774,-0.18719,0.098215,-0.027284,-0.97908,-0.20162,-0.66674,0.1681,-0.72609,0.74479,0.11462,-0.65738,-0.069839,-0.92871,-0.36418,0.10875,0.35581,-0.92821,0.99161,-0.10443,0.076147
-0.12173,-0.99248,-0.013075,-0.0064761,0.013967,-0.99988,0.99254,-0.12163,-0.0081275,-0.145,-0.93225,-0.3315,0.15379,0.30973,-0.93831,0.97741,-0.18704,0.098454,-0.027265,-0.97912,-0.20146,-0.66663,0.16799,-0.72621,0.74489,0.1145,-0.65729,-0.069816,-0.92873,-0.36412,0.10887,0.35574,-0.92822,0.9916,-0.10445,0.076279
-0.12129,-0.99253,-0.01326,-0.0064898,0.014151,-0.99988,0.9926,-0.12119,-0.0081577,-0.14488,-0.93223,-0.33161,0.15396,0.30982,-0.93825,0.9774,-0.18699,0.098635,-0.027057,-0.97909,-0.20164,-0.66659,0.16799,-0.72625,0.74494,0.11476,-0.65719,-0.069752,-0.92871,-0.36419,0.10902,0.3558,-0.92818,0.99159,-0.10444,0.076426
-0.12095,-0.99257,-0.013394,-0.0065314,0.014289,-0.99988,0.99264,-0.12085,-0.008211,-0.14472,-0.93224,-0.33164,0.15396,0.30987,-0.93823,0.97742,-0.18684,0.098682,-0.026853,-0.97908,-0.20168,-0.66644,0.16791,-0.72641,0.74508,0.1149,-0.657,-0.069701,-0.9287,-0.36423,0.10918,0.35583,-0.92815,0.99157,-0.10446,0.076597
-0.1207,-0.9926,-0.013521,-0.006587,0.014421,-0.99987,0.99267,-0.12059,-0.0082788,-0.14453,-0.93227,-0.33165,0.15378,0.30993,-0.93824,0.97748,-0.18661,0.098572,-0.026565,-0.97908,-0.20172,-0.66628,0.16778,-0.72658,0.74523,0.1151,-0.6568,-0.069718,-0.92867,-0.36428,0.10935,0.35586,-0.92812,0.99156,-0.10454,0.076741
-0.12033,-0.99264,-0.013716,-0.0065008,0.014604,-0.99987,0.99271,-0.12023,-0.0082103,-0.14434,-0.93228,-0.3317,0.15353,0.31005,-0.93824,0.97755,-0.18635,0.098375,-0.026414,-0.97909,-0.20169,-0.66622,0.16766,-0.72666,0.74528,0.11518,-0.65672,-0.069729,-0.92865,-0.36435,0.10949,0.35591,-0.92809,0.99154,-0.10461,0.076858
-0.11984,-0.9927,-0.013777,-0.0063529,0.014644,-0.99987,0.99277,-0.11973,-0.0080614,-0.1442,-0.93227,-0.33179,0.15343,0.31017,-0.93822,0.97758,-0.1862,0.098311,-0.026206,-0.97912,-0.2016,-0.66611,0.16748,-0.72681,0.7454,0.11524,-0.65658,-0.069691,-0.92863,-0.36441,0.10966,0.35596,-0.92805,0.99152,-0.10464,0.077026
-0.11938,-0.99275,-0.013789,-0.0062462,0.014639,-0.99987,0.99283,-0.11927,-0.0079485,-0.14413,-0.93224,-0.33188,0.15346,0.31027,-0.93818,0.97759,-0.18615,0.098342,-0.026049,-0.97916,-0.2014,-0.66603,0.16724,-0.72693,0.74547,0.1152,-0.65651,-0.069629,-0.92859,-0.36451,0.10978,0.35604,-0.928,0.99151,-0.10463,0.077146
-0.11893,-0.99281,-0.013628,-0.006114,0.014458,-0.99988,0.99288,-0.11883,-0.0077894,-0.14409,-0.93222,-0.33197,0.15373,0.31031,-0.93812,0.97755,-0.1862,0.098601,-0.025993,-0.97923,-0.20106,-0.66596,0.16696,-0.72706,0.74554,0.115,-0.65647,-0.069554,-0.92858,-0.36456,0.10995,0.35608,-0.92796,0.9915,-0.10463,0.077327
-0.11853,-0.99286,-0.013515,-0.0061103,0.01434,-0.99988,0.99293,-0.11843,-0.0077664,-0.14411,-0.93219,-0.33206,0.15389,0.31037,-0.93808,0.97752,-0.18628,0.098726,-0.025973,-0.9793,-0.20076,-0.66595,0.16672,-0.72712,0.74554,0.11481,-0.6565,-0.06959,-0.92856,-0.36459,0.10998,0.35611,-0.92795,0.9915,-0.10467,0.077339
-0.11802,-0.99292,-0.013062,-0.0061478,0.013885,-0.99988,0.99299,-0.11793,-0.007743,-0.14403,-0.93227,-0.33184,0.15402,0.31013,-0.93813,0.97751,-0.18623,0.098919,-0.025886,-0.97943,-0.20014,-0.66598,0.1662,-0.72722,0.74552,0.11446,-0.65658,-0.069579,-0.92868,-0.3643,0.11002,0.35581,-0.92806,0.99149,-0.10466,0.07742
-0.11753,-0.99299,-0.012793,-0.0062944,0.013627,-0.99989,0.99305,-0.11743,-0.0078518,-0.14397,-0.93236,-0.33164,0.15396,0.30995,-0.9382,0.97753,-0.18613,0.098923,-0.025838,-0.97951,-0.19973,-0.66601,0.16586,-0.72727,0.7455,0.11423,-0.65665,-0.069643,-0.92876,-0.36407,0.11001,0.35558,-0.92815,0.99149,-0.10469,0.077412
-0.11718,-0.99303,-0.012625,-0.0065395,0.013484,-0.99989,0.99309,-0.11708,-0.008074,-0.14404,-0.9324,-0.33148,0.15381,0.30981,-0.93828,0.97754,-0.18614,0.098789,-0.025933,-0.97956,-0.19949,-0.66609,0.16574,-0.72723,0.74542,0.11402,-0.65677,-0.069706,-0.92881,-0.36395,0.10995,0.35546,-0.9282,0.99149,-0.10472,0.077343
-0.11682,-0.99308,-0.012386,-0.0066658,0.013255,-0.99989,0.99313,-0.11672,-0.0081681,-0.14405,-0.93246,-0.3313,0.15378,0.30963,-0.93834,0.97755,-0.18612,0.098789,-0.025959,-0.97962,-0.19916,-0.6661,0.1655,-0.72727,0.74541,0.11378,-0.65683,-0.069783,-0.92889,-0.36372,0.10998,0.35522,-0.92829,0.99148,-0.10478,0.077367
-0.11651,-0.99311,-0.012367,-0.0067643,0.013245,-0.99989,0.99317,-0.11642,-0.008261,-0.1441,-0.93246,-0.33128,0.15369,0.30962,-0.93836,0.97756,-0.18613,0.098696,-0.026046,-0.97965,-0.199,-0.66609,0.16545,-0.72729,0.74541,0.11361,-0.65685,-0.069874,-0.92893,-0.36361,0.11004,0.3551,-0.92833,0.99147,-0.10488,0.077408
-0.11623,-0.99315,-0.012325,-0.0068759,0.013214,-0.99989,0.9932,-0.11613,-0.0083646,-0.14418,-0.93245,-0.33127,0.15364,0.30962,-0.93837,0.97755,-0.18619,0.098625,-0.026196,-0.97966,-0.19895,-0.6661,0.16551,-0.72727,0.74541,0.11347,-0.65688,-0.069995,-0.92892,-0.36362,0.11009,0.35509,-0.92833,0.99145,-0.10501,0.077408
-0.11594,-0.99318,-0.012272,-0.0069929,0.013171,-0.99989,0.99323,-0.11584,-0.0084722,-0.14428,-0.93248,-0.33117,0.15358,0.30951,-0.93841,0.97755,-0.18625,0.098554,-0.026405,-0.97967,-0.19888,-0.66618,0.16558,-0.72718,0.74532,0.11329,-0.65701,-0.070079,-0.92895,-0.36351,0.1101,0.35497,-0.92837,0.99145,-0.10508,0.077403
-0.11572,-0.99321,-0.012309,-0.0069227,0.013198,-0.99989,0.99326,-0.11563,-0.008403,-0.1445,-0.9324,-0.33129,0.15368,0.30959,-0.93837,0.9775,-0.1865,0.098552,-0.026697,-0.97965,-0.19893,-0.66614,0.16581,-0.72716,0.74535,0.1131,-0.65701,-0.070188,-0.92894,-0.36352,0.11024,0.35497,-0.92836,0.99142,-0.10523,0.07749
-0.11558,-0.99322,-0.01239,-0.00679,0.013264,-0.99989,0.99327,-0.11549,-0.008277,-0.14467,-0.93233,-0.33141,0.15388,0.30966,-0.93831,0.97744,-0.18674,0.098666,-0.026962,-0.97963,-0.19901,-0.66609,0.16605,-0.72716,0.74539,0.11295,-0.65699,-0.07027,-0.92892,-0.36356,0.11044,0.35497,-0.92833,0.9914,-0.10538,0.077643
-0.11552,-0.99323,-0.012511,-0.0066225,0.013365,-0.99989,0.99328,-0.11543,-0.0081216,-0.14464,-0.93225,-0.33166,0.15403,0.30988,-0.93821,0.97742,-0.18679,0.098776,-0.027281,-0.9796,-0.19912,-0.66608,0.16635,-0.7271,0.74539,0.11279,-0.65702,-0.070402,-0.92885,-0.36369,0.11059,0.35508,-0.92827,0.99137,-0.10557,0.077727
-0.11544,-0.99323,-0.012636,-0.006524,0.013479,-0.99989,0.99329,-0.11534,-0.0080358,-0.14474,-0.93214,-0.33192,0.15408,0.31013,-0.93813,0.9774,-0.18692,0.098738,-0.027469,-0.97956,-0.19926,-0.66606,0.16657,-0.72706,0.74539,0.11275,-0.65702,-0.070483,-0.92877,-0.36388,0.11068,0.35525,-0.92819,0.99135,-0.1057,0.07776
-0.11536,-0.99324,-0.012685,-0.0064232,0.013515,-0.99989,0.9933,-0.11526,-0.0079389,-0.1448,-0.9321,-0.332,0.15427,0.31016,-0.93808,0.97736,-0.18705,0.098878,-0.027636,-0.97954,-0.19933,-0.66604,0.16674,-0.72704,0.7454,0.11267,-0.65702,-0.0705,-0.92876,-0.36393,0.1108,0.35529,-0.92817,0.99134,-0.10576,0.077862
-0.11529,-0.99325,-0.012726,-0.0065014,0.013566,-0.99989,0.99331,-0.1152,-0.0080215,-0.14492,-0.93205,-0.33208,0.15445,0.3102,-0.93804,0.97732,-0.18723,0.098997,-0.027786,-0.97951,-0.19945,-0.66598,0.16694,-0.72705,0.74545,0.11263,-0.65698,-0.070581,-0.92872,-0.36401,0.11097,0.35535,-0.92812,0.99131,-0.1059,0.077981
-0.11515,-0.99327,-0.012721,-0.0065272,0.013562,-0.99989,0.99333,-0.11506,-0.008045,-0.14492,-0.93204,-0.33213,0.15452,0.31023,-0.93802,0.9773,-0.18726,0.099059,-0.027937,-0.97949,-0.19953,-0.66597,0.1671,-0.72702,0.74545,0.11257,-0.65699,-0.070652,-0.92869,-0.36406,0.11114,0.35537,-0.9281,0.99129,-0.10603,0.078108
-0.11499,-0.99329,-0.012697,-0.0066189,0.013548,-0.99989,0.99335,-0.11489,-0.0081322,-0.14496,-0.93204,-0.33211,0.15448,0.31021,-0.93803,0.9773,-0.18728,0.099015,-0.028098,-0.97948,-0.19959,-0.666,0.16724,-0.72696,0.74542,0.1125,-0.65703,-0.070756,-0.92868,-0.36406,0.11125,0.35535,-0.92809,0.99127,-0.10617,0.078176
-0.11476,-0.99331,-0.012584,-0.0065752,0.013427,-0.99989,0.99337,-0.11467,-0.0080722,-0.1451,-0.93204,-0.33204,0.1546,0.31012,-0.93804,0.97726,-0.18744,0.099096,-0.028327,-0.9795,-0.19946,-0.666,0.16729,-0.72695,0.74542,0.11225,-0.65708,-0.07082,-0.92871,-0.36398,0.11135,0.35526,-0.92811,0.99125,-0.10626,0.078254
-0.11462,-0.99333,-0.012411,-0.0065028,0.013244,-0.99989,0.99339,-0.11453,-0.0079774,-0.14531,-0.93203,-0.33198,0.15479,0.30999,-0.93805,0.9772,-0.18769,0.099229,-0.028553,-0.97954,-0.1992,-0.66598,0.16725,-0.72698,0.74542,0.1119,-0.65714,-0.070979,-0.92876,-0.36382,0.11155,0.35507,-0.92816,0.99122,-0.10646,0.0784
-0.11436,-0.99336,-0.012197,-0.0065209,0.013028,-0.99989,0.99342,-0.11427,-0.0079674,-0.14546,-0.93202,-0.33192,0.15491,0.3099,-0.93807,0.97716,-0.18786,0.099299,-0.028703,-0.97961,-0.19886,-0.66601,0.16709,-0.72698,0.74539,0.11158,-0.65723,-0.07108,-0.92882,-0.36364,0.11168,0.35486,-0.92823,0.9912,-0.10659,0.078509
-0.11417,-0.99339,-0.011968,-0.0067242,0.012819,-0.9999,0.99344,-0.11408,-0.0081433,-0.14559,-0.93197,-0.33201,0.15487,0.30998,-0.93804,0.97715,-0.18799,0.099201,-0.028945,-0.97965,-0.1986,-0.66613,0.16704,-0.72689,0.74527,0.11125,-0.65741,-0.071272,-0.92881,-0.36363,0.11169,0.35483,-0.92824,0.99118,-0.10677,0.078452
-0.11398,-0.99341,-0.011765,-0.0069573,0.01264,-0.9999,0.99346,-0.11389,-0.0083523,-0.14571,-0.93195,-0.33203,0.15483,0.30999,-0.93805,0.97714,-0.18809,0.099124,-0.029156,-0.97971,-0.19831,-0.66626,0.16694,-0.72679,0.74515,0.11093,-0.65761,-0.071475,-0.92882,-0.36357,0.11168,0.35476,-0.92826,0.99117,-0.10695,0.078375
-0.11386,-0.99343,-0.011589,-0.0071216,0.01248,-0.9999,0.99347,-0.11377,-0.0084958,-0.14588,-0.93191,-0.33207,0.15491,0.31001,-0.93803,0.9771,-0.18828,0.099134,-0.029318,-0.97975,-0.19806,-0.66631,0.16686,-0.72677,0.7451,0.11066,-0.65771,-0.071489,-0.9288,-0.36362,0.11176,0.35479,-0.92824,0.99116,-0.107,0.078442
-0.11371,-0.99345,-0.011441,-0.0073268,0.012354,-0.9999,0.99349,-0.11361,-0.0086836,-0.14597,-0.93186,-0.33216,0.15498,0.31007,-0.938,0.97707,-0.1884,0.099162,-0.02929,-0.97978,-0.19791,-0.66637,0.16672,-0.72674,0.74504,0.11059,-0.65778,-0.071489,-0.92878,-0.36367,0.11179,0.35484,-0.92822,0.99116,-0.10701,0.078459
-0.11356,-0.99347,-0.011324,-0.0074922,0.012254,-0.9999,0.9935,-0.11346,-0.0088348,-0.14601,-0.93182,-0.33227,0.15515,0.31014,-0.93795,0.97704,-0.1885,0.099287,-0.029181,-0.9798,-0.19783,-0.66639,0.16658,-0.72676,0.74504,0.11062,-0.65779,-0.071461,-0.92877,-0.36369,0.11187,0.35486,-0.9282,0.99115,-0.10702,0.078543
-0.11333,-0.99349,-0.011281,-0.0076694,0.012229,-0.9999,0.99353,-0.11323,-0.0090054,-0.14598,-0.93177,-0.33241,0.15524,0.31027,-0.93789,0.97703,-0.18852,0.099356,-0.029067,-0.97981,-0.19782,-0.66634,0.16651,-0.72682,0.74508,0.11069,-0.65773,-0.071543,-0.92874,-0.36376,0.11194,0.35492,-0.92817,0.99114,-0.10712,0.078567
-0.11314,-0.99352,-0.01125,-0.0078688,0.012218,-0.99989,0.99355,-0.11304,-0.0092001,-0.14598,-0.93173,-0.33252,0.15529,0.31037,-0.93784,0.97702,-0.18854,0.09938,-0.029041,-0.9798,-0.19786,-0.66631,0.16653,-0.72684,0.74511,0.11073,-0.65768,-0.071664,-0.92872,-0.36378,0.11196,0.35493,-0.92817,0.99112,-0.10725,0.078548
-0.11314,-0.99351,-0.011393,-0.0080063,0.012378,-0.99989,0.99355,-0.11304,-0.0093548,-0.14616,-0.93163,-0.33272,0.15543,0.31053,-0.93777,0.97697,-0.18878,0.09942,-0.029047,-0.97976,-0.19807,-0.66625,0.1667,-0.72686,0.74516,0.11085,-0.6576,-0.07188,-0.92866,-0.3639,0.11207,0.35502,-0.92812,0.9911,-0.10749,0.078553
-0.11302,-0.99353,-0.011177,-0.0080586,0.012165,-0.99989,0.99356,-0.11292,-0.0093813,-0.14611,-0.93169,-0.33257,0.15552,0.31036,-0.93781,0.97697,-0.18874,0.09955,-0.028899,-0.9798,-0.1979,-0.66618,0.16648,-0.72697,0.74523,0.11083,-0.65754,-0.071892,-0.92874,-0.36368,0.11211,0.35479,-0.9282,0.99109,-0.1075,0.078612
-0.1129,-0.99355,-0.011027,-0.0082527,0.012035,-0.99989,0.99357,-0.1128,-0.0095582,-0.14598,-0.93179,-0.33235,0.15534,0.31019,-0.9379,0.97702,-0.18854,0.099468,-0.028812,-0.97984,-0.19769,-0.66616,0.16627,-0.72704,0.74525,0.11075,-0.65752,-0.071913,-0.92881,-0.36351,0.11208,0.35462,-0.92827,0.99109,-0.1075,0.078599
-0.11282,-0.99355,-0.011023,-0.0084467,0.012053,-0.99989,0.99358,-0.11272,-0.009752,-0.14589,-0.93183,-0.33229,0.15513,0.31018,-0.93794,0.97706,-0.18838,0.099307,-0.028927,-0.97985,-0.19765,-0.66615,0.16632,-0.72703,0.74525,0.11063,-0.65754,-0.07201,-0.92881,-0.3635,0.11208,0.3546,-0.92828,0.99109,-0.10759,0.078567
-0.11282,-0.99355,-0.011201,-0.008557,0.012244,-0.99989,0.99358,-0.11271,-0.0098832,-0.14577,-0.93185,-0.33228,0.15494,0.31022,-0.93795,0.97711,-0.18821,0.099159,-0.029015,-0.97983,-0.19773,-0.66613,0.16644,-0.72703,0.74527,0.11062,-0.65752,-0.072108,-0.92878,-0.36354,0.11211,0.35464,-0.92826,0.99108,-0.10769,0.078554
-0.11271,-0.99356,-0.011291,-0.0087138,0.012351,-0.99989,0.99359,-0.1126,-0.01005,-0.14567,-0.93187,-0.33225,0.15483,0.31022,-0.93797,0.97714,-0.18808,0.099089,-0.028873,-0.97982,-0.19779,-0.66607,0.1664,-0.72709,0.74533,0.11075,-0.65744,-0.072194,-0.92877,-0.36355,0.11211,0.35463,-0.92826,0.99107,-0.10777,0.078521
-0.11258,-0.99358,-0.011365,-0.0088707,0.012442,-0.99988,0.9936,-0.11247,-0.010215,-0.1456,-0.9319,-0.33222,0.15484,0.31019,-0.93798,0.97715,-0.18801,0.099128,-0.028712,-0.97981,-0.19788,-0.66602,0.16637,-0.72715,0.74538,0.11091,-0.65735,-0.072218,-0.92877,-0.36355,0.11209,0.35463,-0.92826,0.99107,-0.10779,0.078497
-0.11234,-0.9936,-0.01153,-0.0090862,0.01263,-0.99988,0.99363,-0.11223,-0.010447,-0.14547,-0.9319,-0.33228,0.15483,0.31027,-0.93795,0.97717,-0.18789,0.099156,-0.028479,-0.97978,-0.19803,-0.66597,0.16634,-0.7272,0.74543,0.11117,-0.65724,-0.072262,-0.92873,-0.36364,0.1121,0.35472,-0.92823,0.99107,-0.10784,0.078481
-0.11213,-0.99363,-0.011654,-0.0093208,0.012779,-0.99987,0.99365,-0.112,-0.010694,-0.1454,-0.9319,-0.33229,0.15483,0.31029,-0.93795,0.97718,-0.18782,0.099168,-0.028243,-0.97977,-0.19815,-0.66595,0.16627,-0.72723,0.74546,0.11142,-0.65717,-0.072317,-0.92872,-0.36365,0.11213,0.35473,-0.92822,0.99106,-0.1079,0.078482
-0.11182,-0.99366,-0.011862,-0.0095347,0.013009,-0.99987,0.99368,-0.11169,-0.010929,-0.14541,-0.93185,-0.33242,0.155,0.31039,-0.93789,0.97715,-0.1879,0.099306,-0.027996,-0.97974,-0.19828,-0.66595,0.16621,-0.72725,0.74547,0.11169,-0.65711,-0.072327,-0.92867,-0.36379,0.11215,0.35486,-0.92817,0.99106,-0.10793,0.078487
-0.11156,-0.99369,-0.012036,-0.0097286,0.013203,-0.99987,0.99371,-0.11143,-0.01114,-0.14541,-0.93182,-0.33251,0.15512,0.31046,-0.93785,0.97714,-0.18795,0.099402,-0.027783,-0.97974,-0.19836,-0.66591,0.16614,-0.7273,0.74551,0.11188,-0.65703,-0.072409,-0.92862,-0.36389,0.1122,0.35495,-0.92813,0.99104,-0.10803,0.078491
-0.11133,-0.99371,-0.012155,-0.009898,0.013339,-0.99986,0.99373,-0.11119,-0.011321,-0.14545,-0.93176,-0.33266,0.15512,0.3106,-0.9378,0.97713,-0.188,0.099363,-0.027701,-0.97972,-0.19845,-0.66587,0.16616,-0.72733,0.74555,0.112,-0.65697,-0.072499,-0.92857,-0.36402,0.11228,0.35506,-0.92808,0.99103,-0.10816,0.078521
-0.11113,-0.99373,-0.012252,-0.010276,0.013477,-0.99986,0.99375,-0.11099,-0.011709,-0.14547,-0.93172,-0.33278,0.15487,0.31077,-0.93778,0.97717,-0.18796,0.099089,-0.027647,-0.9797,-0.19857,-0.66594,0.16619,-0.72726,0.74549,0.11213,-0.65702,-0.072592,-0.9285,-0.36416,0.11218,0.3552,-0.92803,0.99103,-0.10822,0.078374
-0.11092,-0.99375,-0.012277,-0.010652,0.013541,-0.99985,0.99377,-0.11077,-0.012088,-0.14544,-0.9317,-0.33284,0.15455,0.31089,-0.9378,0.97722,-0.18783,0.098775,-0.027539,-0.97967,-0.19873,-0.66597,0.16624,-0.72722,0.74547,0.11232,-0.65701,-0.072707,-0.92846,-0.36426,0.11214,0.3553,-0.928,0.99103,-0.10832,0.07828
-0.11071,-0.99378,-0.012298,-0.011019,0.0136,-0.99985,0.99379,-0.11056,-0.012456,-0.14547,-0.93169,-0.33285,0.15433,0.31095,-0.93781,0.97725,-0.1878,0.09855,-0.02763,-0.97965,-0.19881,-0.66607,0.16634,-0.7271,0.74538,0.11233,-0.65711,-0.07288,-0.9284,-0.36436,0.11205,0.35539,-0.92798,0.99103,-0.10846,0.078131
-0.11054,-0.9938,-0.012308,-0.011245,0.013634,-0.99984,0.99381,-0.11039,-0.012682,-0.14553,-0.93165,-0.33293,0.15425,0.31103,-0.9378,0.97726,-0.18783,0.098438,-0.027668,-0.97964,-0.19884,-0.66614,0.16638,-0.72703,0.74531,0.11234,-0.65718,-0.073005,-0.92839,-0.36436,0.11191,0.35541,-0.92799,0.99103,-0.10852,0.077946
-0.11037,-0.99381,-0.012336,-0.011397,0.013676,-0.99984,0.99383,-0.11021,-0.012836,-0.14557,-0.93163,-0.33298,0.15415,0.3111,-0.93779,0.97726,-0.18784,0.098323,-0.027696,-0.97963,-0.19888,-0.66616,0.16642,-0.727,0.74529,0.11235,-0.6572,-0.073114,-0.92836,-0.36441,0.11192,0.35544,-0.92797,0.99102,-0.10863,0.077913
-0.11025,-0.99383,-0.012305,-0.01159,0.013665,-0.99984,0.99384,-0.11009,-0.013025,-0.14567,-0.93163,-0.33295,0.15409,0.31107,-0.93781,0.97726,-0.18792,0.098245,-0.027885,-0.97964,-0.19879,-0.66623,0.16647,-0.72692,0.74522,0.11217,-0.65731,-0.073265,-0.92835,-0.36441,0.11191,0.35543,-0.92798,0.99101,-0.10877,0.077855
-0.11019,-0.99384,-0.012256,-0.011828,0.013641,-0.99984,0.99384,-0.11002,-0.013258,-0.14585,-0.93156,-0.33305,0.1541,0.31115,-0.93778,0.97723,-0.1881,0.098172,-0.028156,-0.97964,-0.19878,-0.66623,0.16664,-0.72688,0.74521,0.11197,-0.65736,-0.073417,-0.92832,-0.36445,0.11193,0.35546,-0.92797,0.991,-0.10892,0.077809
-0.11007,-0.99385,-0.01201,-0.012014,0.013413,-0.99984,0.99385,-0.10991,-0.013417,-0.14593,-0.93157,-0.33299,0.15412,0.31107,-0.93781,0.97722,-0.18817,0.098175,-0.028449,-0.97967,-0.19858,-0.6662,0.16669,-0.72691,0.74523,0.11161,-0.6574,-0.073464,-0.92836,-0.36435,0.11196,0.35535,-0.928,0.99099,-0.10897,0.077829
-0.10986,-0.99388,-0.011597,-0.012243,0.013019,-0.99984,0.99387,-0.1097,-0.013598,-0.146,-0.93164,-0.33275,0.15405,0.31084,-0.9379,0.97722,-0.18819,0.098132,-0.028685,-0.97975,-0.19816,-0.6662,0.16653,-0.72695,0.74522,0.11116,-0.65748,-0.07345,-0.92846,-0.36409,0.11197,0.35509,-0.9281,0.99099,-0.10894,0.077878
-0.10969,-0.9939,-0.011183,-0.012544,0.012634,-0.99984,0.99389,-0.10954,-0.013854,-0.14603,-0.93171,-0.33254,0.15378,0.31068,-0.93799,0.97726,-0.18811,0.097907,-0.028934,-0.97982,-0.19778,-0.66624,0.16641,-0.72693,0.74517,0.11074,-0.65761,-0.073499,-0.92856,-0.36384,0.11194,0.35484,-0.9282,0.99099,-0.10895,0.077865
-0.10954,-0.99392,-0.010874,-0.012791,0.012349,-0.99984,0.9939,-0.10939,-0.014066,-0.14617,-0.93174,-0.3324,0.15361,0.31056,-0.93806,0.97726,-0.18817,0.097735,-0.029202,-0.97987,-0.1975,-0.66626,0.16637,-0.72692,0.74514,0.11036,-0.65771,-0.073548,-0.92862,-0.36368,0.11196,0.35468,-0.92826,0.99099,-0.10899,0.077878
-0.10943,-0.99394,-0.01081,-0.013066,0.012312,-0.99984,0.99391,-0.10927,-0.014335,-0.14633,-0.93171,-0.33243,0.15358,0.31058,-0.93806,0.97724,-0.18832,0.097646,-0.029509,-0.97988,-0.19737,-0.66629,0.16647,-0.72687,0.74511,0.11006,-0.6578,-0.073634,-0.9286,-0.36369,0.11195,0.35468,-0.92826,0.99098,-0.10907,0.077841
-0.10933,-0.99395,-0.010576,-0.013285,0.0121,-0.99984,0.99392,-0.10918,-0.014528,-0.14654,-0.93168,-0.33241,0.15371,0.31051,-0.93806,0.97719,-0.18856,0.097711,-0.029684,-0.97993,-0.19713,-0.66629,0.16641,-0.72689,0.7451,0.10977,-0.65786,-0.073729,-0.92865,-0.36356,0.11204,0.35453,-0.92831,0.99097,-0.10918,0.077904
-0.10907,-0.99398,-0.010249,-0.013588,0.011801,-0.99984,0.99394,-0.10891,-0.014794,-0.14663,-0.93172,-0.33225,0.15374,0.31034,-0.93811,0.97717,-0.18864,0.09774,-0.029777,-0.98,-0.19678,-0.6664,0.16619,-0.72683,0.745,0.10949,-0.65802,-0.073771,-0.92874,-0.36332,0.11193,0.3543,-0.92841,0.99097,-0.10916,0.077815
-0.10885,-0.99401,-0.010137,-0.013843,0.011712,-0.99984,0.99396,-0.10869,-0.015035,-0.14688,-0.93168,-0.33226,0.15384,0.3103,-0.93811,0.97712,-0.1889,0.097752,-0.029819,-0.98003,-0.19659,-0.66652,0.16606,-0.72675,0.74489,0.10936,-0.65817,-0.073783,-0.92875,-0.36328,0.11169,0.35428,-0.92844,0.991,-0.10908,0.07759
-0.1086,-0.99404,-0.0099499,-0.014059,0.011544,-0.99983,0.99399,-0.10844,-0.015229,-0.14703,-0.93171,-0.33213,0.15387,0.31014,-0.93816,0.97709,-0.18904,0.097761,-0.029862,-0.98008,-0.19636,-0.66662,0.16591,-0.7267,0.7448,0.1092,-0.6583,-0.073795,-0.9288,-0.36315,0.11162,0.35416,-0.9285,0.99101,-0.10905,0.077535
-0.10837,-0.99406,-0.0098755,-0.014195,0.01148,-0.99983,0.99401,-0.10821,-0.015355,-0.14708,-0.93174,-0.332,0.15379,0.31003,-0.93821,0.9771,-0.18905,0.097694,-0.029943,-0.9801,-0.19625,-0.66666,0.16587,-0.72667,0.74476,0.10908,-0.65836,-0.073834,-0.92882,-0.36309,0.11159,0.3541,-0.92853,0.99101,-0.10907,0.077503
-0.10831,-0.99407,-0.0098304,-0.014434,0.01146,-0.99983,0.99401,-0.10815,-0.015589,-0.14712,-0.93179,-0.33185,0.1536,0.30991,-0.93828,0.97712,-0.18901,0.097533,-0.030138,-0.98011,-0.19617,-0.66675,0.16593,-0.72657,0.74467,0.1089,-0.65849,-0.073886,-0.92885,-0.36303,0.11153,0.35404,-0.92856,0.99101,-0.10909,0.077432
-0.10816,-0.99409,-0.0097196,-0.014724,0.011378,-0.99983,0.99402,-0.108,-0.015867,-0.14712,-0.93187,-0.33163,0.15339,0.30973,-0.93837,0.97715,-0.18892,0.097373,-0.030346,-0.98013,-0.19604,-0.6668,0.16596,-0.72652,0.74462,0.10867,-0.65858,-0.07397,-0.92888,-0.36291,0.11154,0.35392,-0.9286,0.991,-0.10917,0.077431
-0.10802,-0.9941,-0.0097489,-0.015014,0.011437,-0.99982,0.99403,-0.10786,-0.016161,-0.14708,-0.9319,-0.33156,0.15329,0.30969,-0.9384,0.97718,-0.18884,0.097304,-0.030519,-0.98012,-0.19604,-0.66687,0.16607,-0.72643,0.74455,0.10857,-0.65868,-0.074006,-0.92888,-0.36292,0.11152,0.35393,-0.9286,0.991,-0.1092,0.077398
-0.10792,-0.99411,-0.0098371,-0.015301,0.011555,-0.99982,0.99404,-0.10775,-0.016458,-0.1471,-0.93192,-0.33149,0.15342,0.30958,-0.93841,0.97715,-0.18889,0.097433,-0.030733,-0.98011,-0.19606,-0.6669,0.16622,-0.72637,0.74451,0.10843,-0.65875,-0.074068,-0.92885,-0.36296,0.11153,0.35397,-0.92858,0.991,-0.10926,0.077379
-0.10781,-0.99412,-0.00992,-0.015508,0.011659,-0.99981,0.99405,-0.10764,-0.016674,-0.14713,-0.93193,-0.33144,0.15358,0.3095,-0.93841,0.97712,-0.18897,0.097589,-0.030755,-0.9801,-0.19611,-0.66689,0.16626,-0.72637,0.74452,0.10844,-0.65873,-0.074071,-0.92885,-0.36298,0.11159,0.35398,-0.92857,0.99099,-0.10929,0.077435
-0.10752,-0.99415,-0.0099925,-0.015689,0.011746,-0.99981,0.99408,-0.10734,-0.01686,-0.14717,-0.93194,-0.3314,0.15376,0.30942,-0.93841,0.97709,-0.18906,0.09776,-0.030701,-0.9801,-0.1961,-0.66692,0.16622,-0.72636,0.7445,0.10848,-0.65875,-0.074011,-0.92885,-0.363,0.11161,0.35399,-0.92856,0.99099,-0.10924,0.077473
-0.10719,-0.99419,-0.010039,-0.015925,0.011813,-0.9998,0.99411,-0.10701,-0.017099,-0.14723,-0.93194,-0.33136,0.15398,0.30933,-0.9384,0.97704,-0.18919,0.09796,-0.030611,-0.98012,-0.19604,-0.66698,0.16611,-0.72632,0.74445,0.10852,-0.65881,-0.074053,-0.92883,-0.36303,0.11162,0.35402,-0.92855,0.99099,-0.10928,0.077464
-0.10677,-0.99423,-0.010079,-0.016212,0.011877,-0.9998,0.99415,-0.10659,-0.017387,-0.14718,-0.93196,-0.33134,0.15403,0.30931,-0.93841,0.97704,-0.18915,0.098026,-0.030511,-0.98014,-0.19597,-0.66709,0.16597,-0.72625,0.74435,0.10857,-0.6589,-0.07402,-0.92882,-0.36307,0.11152,0.35408,-0.92854,0.991,-0.10922,0.077376
-0.10646,-0.99426,-0.010234,-0.016429,0.01205,-0.99979,0.99418,-0.10627,-0.017618,-0.14716,-0.93197,-0.33133,0.15398,0.30931,-0.93841,0.97705,-0.18911,0.097984,-0.030393,-0.98012,-0.19604,-0.66719,0.16594,-0.72617,0.74427,0.10873,-0.65897,-0.074076,-0.92879,-0.36312,0.11154,0.35412,-0.92852,0.99099,-0.10928,0.077369
-0.10611,-0.9943,-0.010449,-0.016644,0.012283,-0.99979,0.99422,-0.10591,-0.017852,-0.14702,-0.93198,-0.33137,0.15376,0.3094,-0.93842,0.97711,-0.18892,0.097813,-0.030294,-0.98011,-0.19611,-0.66731,0.16591,-0.72607,0.74416,0.10887,-0.65907,-0.074101,-0.92873,-0.36326,0.11149,0.35427,-0.92847,0.991,-0.1093,0.077295
-0.10573,-0.99434,-0.010636,-0.016823,0.012483,-0.99978,0.99425,-0.10553,-0.018047,-0.14675,-0.93202,-0.33135,0.15357,0.30945,-0.93843,0.97718,-0.1886,0.097723,-0.030302,-0.98012,-0.19609,-0.6674,0.16588,-0.72599,0.74408,0.10887,-0.65916,-0.074022,-0.9287,-0.36337,0.11145,0.35439,-0.92843,0.99101,-0.10922,0.077267
-0.10546,-0.99437,-0.010766,-0.017052,0.012633,-0.99977,0.99428,-0.10525,-0.018289,-0.14643,-0.9321,-0.33128,0.15342,0.30944,-0.93846,0.97725,-0.18825,0.097688,-0.030357,-0.98014,-0.19596,-0.66752,0.1658,-0.72589,0.74397,0.10877,-0.6593,-0.07391,-0.92869,-0.36342,0.11136,0.35446,-0.92842,0.99103,-0.10909,0.07722
-0.10521,-0.99439,-0.010847,-0.017173,0.012723,-0.99977,0.9943,-0.105,-0.018415,-0.14618,-0.93215,-0.33124,0.1534,0.30943,-0.93847,0.97729,-0.18799,0.097758,-0.030507,-0.98017,-0.1958,-0.66761,0.16577,-0.72582,0.74389,0.10857,-0.65943,-0.073841,-0.92866,-0.3635,0.11131,0.35454,-0.92839,0.99104,-0.10901,0.077187
-0.10498,-0.99441,-0.010998,-0.01732,0.012886,-0.99977,0.99432,-0.10476,-0.018576,-0.14601,-0.93215,-0.33133,0.15348,0.30952,-0.93842,0.97731,-0.18787,0.097874,-0.030644,-0.9802,-0.19561,-0.66773,0.1657,-0.72572,0.74377,0.10838,-0.65959,-0.0738,-0.92861,-0.36365,0.11126,0.3547,-0.92834,0.99105,-0.10897,0.077136
-0.10474,-0.99444,-0.010958,-0.017514,0.012862,-0.99976,0.99435,-0.10452,-0.018764,-0.14587,-0.93209,-0.33155,0.15367,0.30972,-0.93833,0.9773,-0.18782,0.098058,-0.030594,-0.98026,-0.19535,-0.66786,0.16546,-0.72566,0.74366,0.10826,-0.65974,-0.073765,-0.92861,-0.36366,0.11123,0.35472,-0.92833,0.99105,-0.10893,0.07712
-0.10443,-0.99447,-0.010783,-0.017823,0.012711,-0.99976,0.99437,-0.10421,-0.019052,-0.1458,-0.93206,-0.33168,0.154,0.3098,-0.93825,0.97725,-0.18788,0.098369,-0.030577,-0.98033,-0.19497,-0.66802,0.16514,-0.72559,0.74352,0.10805,-0.65993,-0.073728,-0.92865,-0.36357,0.11096,0.35466,-0.92839,0.99109,-0.10879,0.07689
-0.104,-0.99452,-0.01053,-0.018271,0.012496,-0.99975,0.99441,-0.10378,-0.019471,-0.14583,-0.93204,-0.33171,0.15447,0.30973,-0.93819,0.97718,-0.18806,0.098805,-0.030542,-0.98043,-0.1945,-0.66826,0.16473,-0.72546,0.7433,0.10782,-0.66021,-0.073733,-0.9287,-0.36342,0.11075,0.35453,-0.92846,0.99111,-0.10871,0.076715
