-0.23142,-0.96882,-0.088525,0.078113,0.072196,-0.99433,0.96971,-0.23703,0.05897,-0.12452,-0.90304,-0.41111,0.09862,0.40102,-0.91075,0.9873,-0.15395,0.039122,-0.2681,-0.95714,-0.10958,-0.33164,0.19848,-0.92229,0.90451,-0.21092,-0.37064,-0.14299,-0.89767,-0.41684,0.51327,0.29285,-0.80672,0.84623,-0.3293,0.41887
-0.23132,-0.96886,-0.088359,0.078135,0.072028,-0.99434,0.96973,-0.23692,0.05904,-0.12455,-0.90303,-0.41112,0.098734,0.40101,-0.91074,0.98729,-0.15402,0.039214,-0.26805,-0.9572,-0.10918,-0.33162,0.19808,-0.92238,0.90453,-0.21104,-0.37053,-0.14301,-0.89769,-0.41677,0.51346,0.29271,-0.80665,0.84612,-0.32935,0.41907
-0.23125,-0.9689,-0.088117,0.078274,0.07175,-0.99435,0.96974,-0.23684,0.059247,-0.12452,-0.90304,-0.4111,0.098873,0.40097,-0.91074,0.98728,-0.15405,0.039358,-0.26791,-0.9573,-0.10868,-0.33157,0.19752,-0.92252,0.90459,-0.21112,-0.37032,-0.14293,-0.89771,-0.41676,0.51373,0.29262,-0.8065,0.84596,-0.32938,0.41936
-0.23117,-0.96892,-0.088005,0.078563,0.071569,-0.99434,0.96974,-0.23678,0.059577,-0.1245,-0.90301,-0.41119,0.099144,0.40102,-0.91069,0.98725,-0.15415,0.039599,-0.26774,-0.95738,-0.1083,-0.33139,0.19706,-0.92269,0.90471,-0.21115,-0.37003,-0.14289,-0.8977,-0.4168,0.51407,0.29255,-0.80632,0.84576,-0.32948,0.41968
-0.23115,-0.96894,-0.087903,0.078959,0.071369,-0.99432,0.96971,-0.23678,0.060009,-0.12446,-0.90294,-0.41134,0.099482,0.40112,-0.91061,0.98722,-0.15425,0.039904,-0.26758,-0.95747,-0.10795,-0.33105,0.19657,-0.92291,0.90488,-0.21121,-0.36957,-0.1428,-0.89769,-0.41685,0.51448,0.29247,-0.80609,0.84553,-0.32957,0.42007
-0.23112,-0.96896,-0.087752,0.079363,0.071118,-0.99431,0.96968,-0.23677,0.060463,-0.12439,-0.90295,-0.41135,0.099873,0.40107,-0.91059,0.98719,-0.15435,0.04029,-0.26742,-0.95754,-0.10772,-0.33071,0.19621,-0.92311,0.90505,-0.21124,-0.36914,-0.14273,-0.89771,-0.41683,0.51487,0.29233,-0.80588,0.8453,-0.32964,0.42048
-0.2311,-0.96897,-0.087678,0.079838,0.070926,-0.99428,0.96965,-0.23678,0.06097,-0.1243,-0.90296,-0.41136,0.10028,0.40102,-0.91056,0.98716,-0.15444,0.040705,-0.26734,-0.95759,-0.10746,-0.33035,0.19584,-0.92332,0.90521,-0.21134,-0.3687,-0.1426,-0.89775,-0.41679,0.51525,0.29221,-0.80569,0.8451,-0.32964,0.42089
-0.23112,-0.96897,-0.087661,0.080316,0.070791,-0.99425,0.9696,-0.23683,0.061463,-0.12429,-0.90295,-0.41139,0.10068,0.40098,-0.91054,0.98712,-0.15459,0.041065,-0.26739,-0.95759,-0.10731,-0.32995,0.19562,-0.92351,0.90534,-0.21153,-0.36826,-0.14256,-0.89775,-0.41681,0.51562,0.2921,-0.80549,0.84488,-0.32975,0.42125
-0.23111,-0.96898,-0.087559,0.080728,0.070587,-0.99423,0.96957,-0.23684,0.061911,-0.12429,-0.903,-0.41127,0.101,0.40082,-0.91057,0.98709,-0.15471,0.04138,-0.26746,-0.9576,-0.10712,-0.32964,0.19539,-0.92367,0.90543,-0.21173,-0.36792,-0.14254,-0.8978,-0.41671,0.51591,0.2919,-0.80538,0.8447,-0.32978,0.42158
-0.23112,-0.96898,-0.087496,0.081094,0.070432,-0.99421,0.96954,-0.23688,0.062301,-0.12432,-0.90302,-0.41121,0.10127,0.40071,-0.91059,0.98706,-0.15485,0.041634,-0.26763,-0.95756,-0.10702,-0.32928,0.19528,-0.92382,0.90551,-0.212,-0.36757,-0.14252,-0.89783,-0.41664,0.51624,0.29172,-0.80523,0.8445,-0.32985,0.42192
-0.23116,-0.96898,-0.08744,0.08133,0.070314,-0.9942,0.96951,-0.23693,0.062553,-0.12433,-0.90305,-0.41116,0.10151,0.40062,-0.9106,0.98703,-0.15495,0.041859,-0.26775,-0.95753,-0.10696,-0.3291,0.19522,-0.92389,0.90554,-0.21218,-0.3674,-0.14253,-0.89787,-0.41655,0.51648,0.29155,-0.80514,0.84436,-0.32989,0.42218
-0.23124,-0.96897,-0.087262,0.081491,0.070087,-0.99421,0.96948,-0.23702,0.062756,-0.12439,-0.9031,-0.41102,0.10163,0.40047,-0.91066,0.98702,-0.15504,0.041968,-0.26795,-0.95749,-0.10684,-0.32903,0.19517,-0.92393,0.90551,-0.21242,-0.36734,-0.14257,-0.89794,-0.41638,0.51671,0.29129,-0.80509,0.84421,-0.32993,0.42244
-0.23137,-0.96895,-0.087161,0.08163,0.069941,-0.99421,0.96944,-0.23714,0.062913,-0.12443,-0.90313,-0.41093,0.10177,0.40035,-0.91069,0.987,-0.15514,0.042091,-0.26816,-0.95744,-0.10673,-0.32893,0.19513,-0.92397,0.90548,-0.21266,-0.36726,-0.1426,-0.89799,-0.41626,0.5169,0.29109,-0.80503,0.84408,-0.32996,0.42266
-0.23148,-0.96893,-0.087166,0.08175,0.069909,-0.9942,0.9694,-0.23727,0.063027,-0.1245,-0.90313,-0.41092,0.10191,0.40031,-0.91069,0.98697,-0.15526,0.042202,-0.26849,-0.95735,-0.1067,-0.32885,0.19521,-0.92398,0.90541,-0.21299,-0.36724,-0.14261,-0.89798,-0.41629,0.51713,0.29102,-0.80491,0.84394,-0.33007,0.42287
-0.23161,-0.96889,-0.087179,0.081948,0.069865,-0.99418,0.96935,-0.23741,0.063217,-0.12452,-0.90313,-0.41092,0.10195,0.4003,-0.91069,0.98697,-0.15529,0.04223,-0.26883,-0.95726,-0.10666,-0.3288,0.19529,-0.92399,0.90533,-0.21333,-0.36725,-0.1427,-0.89797,-0.41629,0.51732,0.2909,-0.80483,0.84381,-0.3302,0.42302
-0.23177,-0.96886,-0.087185,0.08217,0.069806,-0.99417,0.96929,-0.23758,0.063432,-0.12453,-0.90311,-0.41095,0.10213,0.4003,-0.91067,0.98694,-0.15538,0.042385,-0.26925,-0.95715,-0.10662,-0.32865,0.19538,-0.92402,0.90526,-0.21376,-0.36718,-0.1428,-0.89795,-0.41629,0.51754,0.29078,-0.80474,0.84366,-0.33037,0.42319
-0.232,-0.9688,-0.087156,0.082352,0.069717,-0.99416,0.96922,-0.23782,0.063609,-0.12461,-0.90311,-0.41093,0.10227,0.40026,-0.91068,0.98692,-0.1555,0.042485,-0.26969,-0.95704,-0.10655,-0.32846,0.19544,-0.92408,0.9052,-0.21421,-0.36705,-0.14294,-0.89793,-0.41629,0.51773,0.29063,-0.80466,0.84352,-0.33055,0.42334
-0.23222,-0.96875,-0.087134,0.082529,0.069635,-0.99415,0.96916,-0.23805,0.06378,-0.12473,-0.90312,-0.41087,0.10236,0.40019,-0.9107,0.9869,-0.15565,0.042525,-0.27013,-0.95692,-0.10644,-0.32831,0.19548,-0.92412,0.90512,-0.21469,-0.36697,-0.14301,-0.8979,-0.41632,0.518,0.29053,-0.80453,0.84334,-0.33071,0.42356
-0.23234,-0.96872,-0.087166,0.082677,0.069625,-0.99414,0.96912,-0.23818,0.063915,-0.12486,-0.90311,-0.41086,0.10249,0.40015,-0.9107,0.98687,-0.15581,0.042593,-0.2705,-0.95683,-0.10632,-0.32821,0.19548,-0.92416,0.90505,-0.21509,-0.36691,-0.14311,-0.89787,-0.41634,0.51817,0.29044,-0.80446,0.84322,-0.33087,0.42368
-0.23245,-0.96869,-0.087167,0.082818,0.069583,-0.99413,0.96908,-0.2383,0.064051,-0.12492,-0.90313,-0.41079,0.10265,0.40005,-0.91073,0.98684,-0.15594,0.042732,-0.27076,-0.95677,-0.10622,-0.32808,0.19545,-0.92421,0.90501,-0.21539,-0.36682,-0.14324,-0.89785,-0.41634,0.51841,0.29028,-0.80435,0.84305,-0.33106,0.42388
-0.23253,-0.96868,-0.087173,0.082847,0.069576,-0.99413,0.96906,-0.23838,0.064074,-0.12495,-0.90313,-0.41079,0.10279,0.40002,-0.91072,0.98682,-0.15602,0.042849,-0.27099,-0.95671,-0.10615,-0.32799,0.19545,-0.92424,0.90498,-0.21564,-0.36675,-0.14334,-0.89782,-0.41637,0.51864,0.29017,-0.80424,0.84289,-0.33123,0.42406
-0.23267,-0.96865,-0.08713,0.082797,0.069535,-0.99414,0.96903,-0.23852,0.064023,-0.12506,-0.90313,-0.41075,0.10283,0.39998,-0.91074,0.98681,-0.15613,0.042846,-0.27126,-0.95664,-0.10614,-0.32802,0.19555,-0.92421,0.90489,-0.21589,-0.36684,-0.14346,-0.8978,-0.41638,0.51882,0.29006,-0.80417,0.84276,-0.3314,0.42418
-0.23278,-0.96863,-0.087044,0.082816,0.069435,-0.99414,0.969,-0.23863,0.064055,-0.12515,-0.90315,-0.41069,0.1029,0.3999,-0.91077,0.98679,-0.15624,0.042891,-0.27148,-0.95658,-0.10607,-0.32803,0.19558,-0.9242,0.90482,-0.21611,-0.36689,-0.14363,-0.8978,-0.41632,0.51899,0.28986,-0.80413,0.84263,-0.33157,0.42432
-0.23288,-0.96861,-0.086978,0.082798,0.069365,-0.99415,0.96898,-0.23871,0.064046,-0.12521,-0.90317,-0.41061,0.10288,0.39982,-0.9108,0.98678,-0.15628,0.042856,-0.27165,-0.95654,-0.10598,-0.32812,0.19557,-0.92417,0.90473,-0.21628,-0.36699,-0.14375,-0.89779,-0.4163,0.51913,0.28973,-0.80409,0.84252,-0.3317,0.42442
-0.23306,-0.96857,-0.086918,0.082874,0.069273,-0.99415,0.96893,-0.2389,0.064125,-0.12527,-0.90316,-0.41062,0.10293,0.39982,-0.9108,0.98677,-0.15636,0.04288,-0.27187,-0.95649,-0.10591,-0.32809,0.19559,-0.92418,0.90468,-0.2165,-0.36699,-0.14385,-0.8978,-0.41625,0.51924,0.2896,-0.80407,0.84243,-0.3318,0.42451
-0.23326,-0.96853,-0.086841,0.083062,0.069133,-0.99414,0.96886,-0.23911,0.064321,-0.12535,-0.90316,-0.41059,0.1031,0.39975,-0.91081,0.98674,-0.15651,0.04301,-0.27216,-0.95642,-0.1058,-0.32792,0.19555,-0.92425,0.90465,-0.21685,-0.36685,-0.1439,-0.8978,-0.41623,0.5194,0.28949,-0.804,0.84233,-0.33189,0.42466
-0.23338,-0.9685,-0.08683,0.083175,0.069085,-0.99414,0.96882,-0.23924,0.064432,-0.1254,-0.90312,-0.41066,0.1031,0.39982,-0.91078,0.98673,-0.15655,0.042973,-0.27246,-0.95634,-0.10573,-0.32789,0.1956,-0.92424,0.90457,-0.21715,-0.36687,-0.14391,-0.89777,-0.41629,0.51951,0.2895,-0.80393,0.84226,-0.33196,0.42474
-0.23351,-0.96847,-0.086805,0.083365,0.069004,-0.99413,0.96877,-0.23938,0.064623,-0.12547,-0.90308,-0.41075,0.10319,0.39989,-0.91073,0.98672,-0.15666,0.043018,-0.27273,-0.95627,-0.10568,-0.32781,0.19563,-0.92427,0.90452,-0.21743,-0.36683,-0.14395,-0.89772,-0.41638,0.51958,0.28954,-0.80387,0.84221,-0.33206,0.42476
-0.23358,-0.96846,-0.086774,0.083581,0.068914,-0.99412,0.96874,-0.23946,0.064847,-0.12544,-0.90307,-0.41077,0.10325,0.39991,-0.91072,0.98671,-0.15665,0.043078,-0.27295,-0.95622,-0.1056,-0.32756,0.19558,-0.92436,0.90454,-0.21771,-0.36661,-0.14393,-0.89771,-0.41642,0.51966,0.28955,-0.80381,0.84216,-0.33209,0.42483
-0.23364,-0.96845,-0.086729,0.083901,0.068784,-0.9941,0.9687,-0.23954,0.065183,-0.12546,-0.90305,-0.41081,0.10338,0.39993,-0.9107,0.9867,-0.15673,0.043182,-0.27324,-0.95614,-0.10552,-0.32738,0.19558,-0.92443,0.90452,-0.21805,-0.36646,-0.14388,-0.8977,-0.41646,0.51985,0.28953,-0.80369,0.84205,-0.33213,0.42501
-0.23371,-0.96844,-0.086653,0.084165,0.068636,-0.99409,0.96866,-0.23962,0.065467,-0.12549,-0.90303,-0.41083,0.10351,0.39993,-0.91068,0.98668,-0.1568,0.043282,-0.27355,-0.95607,-0.1054,-0.32719,0.19553,-0.92451,0.9045,-0.21841,-0.3663,-0.14384,-0.89773,-0.41639,0.52003,0.28942,-0.80362,0.84195,-0.33213,0.42522
-0.23378,-0.96842,-0.086649,0.084324,0.068588,-0.99408,0.96863,-0.23971,0.065626,-0.12548,-0.90305,-0.41079,0.10354,0.39988,-0.9107,0.98668,-0.15681,0.043324,-0.27387,-0.95599,-0.10526,-0.32706,0.19549,-0.92456,0.90445,-0.21878,-0.3662,-0.1438,-0.89777,-0.41634,0.5202,0.28932,-0.80354,0.84185,-0.33213,0.42542
-0.23386,-0.96841,-0.086591,0.084371,0.068512,-0.99408,0.9686,-0.23978,0.065683,-0.1256,-0.90304,-0.41078,0.10358,0.39986,-0.91071,0.98666,-0.15693,0.043317,-0.27413,-0.95593,-0.10514,-0.32705,0.19547,-0.92457,0.90437,-0.21907,-0.36622,-0.14384,-0.89778,-0.41629,0.52027,0.28924,-0.80353,0.8418,-0.33217,0.42549
-0.23387,-0.96841,-0.086564,0.084254,0.068512,-0.99409,0.96861,-0.23978,0.06557,-0.12575,-0.90303,-0.41076,0.10345,0.39986,-0.91072,0.98665,-0.15702,0.043139,-0.27424,-0.95591,-0.10503,-0.32724,0.19546,-0.9245,0.90427,-0.21916,-0.36642,-0.14384,-0.8978,-0.41626,0.52019,0.28923,-0.80358,0.84185,-0.33212,0.42543
-0.23386,-0.96843,-0.086395,0.08407,0.068385,-0.99411,0.96863,-0.23974,0.065423,-0.1259,-0.90302,-0.41073,0.10328,0.39984,-0.91075,0.98665,-0.15708,0.042925,-0.27429,-0.95593,-0.10474,-0.32748,0.19526,-0.92446,0.90417,-0.21927,-0.36661,-0.14396,-0.89782,-0.41616,0.5201,0.28913,-0.80368,0.84189,-0.33214,0.42534
-0.23378,-0.96846,-0.086214,0.083859,0.068257,-0.99414,0.96867,-0.23964,0.065257,-0.12597,-0.90303,-0.41069,0.10317,0.39982,-0.91077,0.98666,-0.1571,0.042801,-0.27421,-0.95598,-0.10448,-0.32767,0.19503,-0.92444,0.90412,-0.21926,-0.36672,-0.14398,-0.89783,-0.41613,0.52012,0.28908,-0.80369,0.84187,-0.33215,0.42536
-0.23372,-0.96849,-0.086056,0.08373,0.068131,-0.99416,0.96869,-0.23956,0.065168,-0.12608,-0.90301,-0.4107,0.10307,0.39983,-0.91077,0.98665,-0.15716,0.04266,-0.27413,-0.95603,-0.10417,-0.32787,0.19474,-0.92443,0.90408,-0.21926,-0.36684,-0.144,-0.89786,-0.41607,0.5201,0.28903,-0.80372,0.84188,-0.33213,0.42536
-0.23365,-0.96852,-0.085877,0.083616,0.06798,-0.99418,0.96872,-0.23947,0.0651,-0.12608,-0.903,-0.41072,0.10306,0.39987,-0.91076,0.98665,-0.15716,0.042647,-0.27398,-0.95611,-0.10388,-0.32808,0.19445,-0.92442,0.90405,-0.21919,-0.36695,-0.14406,-0.89784,-0.41609,0.52013,0.28901,-0.8037,0.84185,-0.3322,0.42536
-0.23357,-0.96856,-0.0857,0.083527,0.067826,-0.99419,0.96874,-0.23938,0.065059,-0.12612,-0.90298,-0.41075,0.10299,0.3999,-0.91075,0.98665,-0.15717,0.042564,-0.27383,-0.95619,-0.10349,-0.32821,0.19404,-0.92446,0.90405,-0.21918,-0.36696,-0.14407,-0.89788,-0.416,0.52009,0.28894,-0.80375,0.84187,-0.33215,0.42535
-0.2335,-0.96859,-0.085529,0.083545,0.067651,-0.99421,0.96876,-0.23929,0.065124,-0.12611,-0.90299,-0.41074,0.10288,0.39991,-0.91076,0.98667,-0.15711,0.042465,-0.27364,-0.95629,-0.10315,-0.32827,0.19365,-0.92452,0.90408,-0.21913,-0.36691,-0.14405,-0.89791,-0.41595,0.52004,0.28892,-0.80379,0.84191,-0.3321,0.42532
-0.23338,-0.96863,-0.085328,0.083603,0.067438,-0.99421,0.96879,-0.23916,0.065242,-0.12605,-0.90301,-0.41072,0.10282,0.3999,-0.91077,0.98668,-0.15703,0.042437,-0.27357,-0.95633,-0.1029,-0.32826,0.19338,-0.92458,0.90411,-0.21915,-0.36683,-0.14402,-0.89796,-0.41585,0.51999,0.28887,-0.80384,0.84194,-0.332,0.42533
-0.23332,-0.96867,-0.085146,0.083678,0.067237,-0.99422,0.96879,-0.23909,0.065368,-0.12603,-0.90301,-0.41073,0.10273,0.39992,-0.91077,0.98669,-0.15697,0.042362,-0.27361,-0.95635,-0.10264,-0.32833,0.19317,-0.9246,0.90407,-0.21928,-0.36685,-0.14393,-0.898,-0.41578,0.51993,0.28887,-0.80388,0.84199,-0.33188,0.42533
-0.23317,-0.96871,-0.085012,0.083747,0.067093,-0.99423,0.96882,-0.23894,0.065483,-0.12599,-0.90301,-0.41072,0.10266,0.39993,-0.91078,0.98671,-0.15691,0.042317,-0.27371,-0.95634,-0.10248,-0.32845,0.19308,-0.92458,0.90399,-0.21941,-0.36695,-0.14387,-0.89803,-0.41574,0.5199,0.28887,-0.8039,0.84202,-0.3318,0.42533
-0.23294,-0.96878,-0.084882,0.083762,0.066971,-0.99423,0.96888,-0.23871,0.065546,-0.12593,-0.90302,-0.41073,0.10257,0.39995,-0.91078,0.98672,-0.15682,0.04226,-0.27382,-0.95633,-0.10225,-0.3285,0.19291,-0.92459,0.90394,-0.21958,-0.36698,-0.14375,-0.89808,-0.41568,0.51981,0.2889,-0.80395,0.8421,-0.33164,0.4253
-0.23282,-0.96882,-0.084762,0.083772,0.066855,-0.99424,0.96891,-0.23858,0.065595,-0.12588,-0.903,-0.41078,0.10248,0.40002,-0.91076,0.98674,-0.15674,0.04218,-0.27383,-0.95635,-0.10205,-0.32864,0.19276,-0.92457,0.90389,-0.21964,-0.36708,-0.1436,-0.89813,-0.41562,0.51974,0.28895,-0.80397,0.84217,-0.33147,0.42531
-0.23265,-0.96887,-0.084611,0.083702,0.066729,-0.99425,0.96895,-0.23839,0.065572,-0.12582,-0.90301,-0.41078,0.10233,0.40005,-0.91076,0.98676,-0.15663,0.042074,-0.27375,-0.9564,-0.10177,-0.32884,0.1925,-0.92456,0.90384,-0.21963,-0.3672,-0.14346,-0.89817,-0.41558,0.51964,0.28902,-0.80402,0.84226,-0.33129,0.42526
-0.23242,-0.96894,-0.084443,0.083468,0.06663,-0.99428,0.96903,-0.23814,0.06539,-0.12581,-0.903,-0.41081,0.10218,0.4001,-0.91076,0.98678,-0.15655,0.041929,-0.27361,-0.95647,-0.10153,-0.3291,0.19228,-0.92451,0.90379,-0.21954,-0.36738,-0.14338,-0.89819,-0.41557,0.51952,0.28909,-0.80407,0.84234,-0.33118,0.42518
-0.2322,-0.96901,-0.084286,0.083259,0.066535,-0.9943,0.9691,-0.2379,0.065229,-0.12581,-0.90297,-0.41086,0.10204,0.40018,-0.91074,0.98679,-0.1565,0.041796,-0.27345,-0.95654,-0.1013,-0.32929,0.19204,-0.92449,0.90376,-0.21945,-0.36749,-0.14331,-0.8982,-0.41558,0.51943,0.28917,-0.8041,0.84241,-0.3311,0.42511
-0.23205,-0.96906,-0.084111,0.083087,0.066408,-0.99433,0.96915,-0.23772,0.065106,-0.12584,-0.903,-0.4108,0.10191,0.40014,-0.91077,0.9868,-0.15647,0.041671,-0.27333,-0.95661,-0.10096,-0.32949,0.19171,-0.92449,0.90373,-0.21943,-0.3676,-0.14325,-0.89822,-0.41554,0.51937,0.28919,-0.80413,0.84246,-0.33101,0.42508
-0.23188,-0.96911,-0.083983,0.08304,0.0663,-0.99434,0.96919,-0.23754,0.065102,-0.1258,-0.903,-0.41082,0.10181,0.40017,-0.91077,0.98682,-0.1564,0.041592,-0.27322,-0.95666,-0.10073,-0.32956,0.19147,-0.92452,0.90374,-0.21939,-0.36759,-0.14318,-0.89823,-0.41554,0.51931,0.28923,-0.80415,0.84251,-0.33093,0.42505
-0.23176,-0.96915,-0.0839,0.082974,0.06624,-0.99435,0.96923,-0.23741,0.065062,-0.12584,-0.90299,-0.41082,0.10168,0.40019,-0.91077,0.98683,-0.15638,0.041461,-0.27317,-0.9567,-0.1005,-0.32961,0.19124,-0.92455,0.90373,-0.21943,-0.36758,-0.14314,-0.89824,-0.41553,0.51916,0.28931,-0.80422,0.8426,-0.33084,0.42493
-0.23177,-0.96915,-0.083851,0.082995,0.066183,-0.99435,0.96922,-0.23742,0.065095,-0.12585,-0.90297,-0.41086,0.10163,0.40024,-0.91076,0.98683,-0.15638,0.041395,-0.27323,-0.9567,-0.10037,-0.32961,0.19113,-0.92457,0.90372,-0.21953,-0.36756,-0.14309,-0.89823,-0.41558,0.51909,0.2894,-0.80423,0.84265,-0.3308,0.42486
-0.2317,-0.96916,-0.083861,0.083006,0.066195,-0.99435,0.96924,-0.23736,0.065109,-0.12578,-0.90297,-0.41088,0.10147,0.40029,-0.91075,0.98686,-0.15625,0.041277,-0.27316,-0.95672,-0.10032,-0.32964,0.19106,-0.92457,0.90373,-0.21949,-0.36756,-0.14295,-0.89823,-0.41563,0.51905,0.28952,-0.80422,0.8427,-0.3307,0.42484
-0.23167,-0.96917,-0.083881,0.083017,0.066215,-0.99435,0.96925,-0.23732,0.065118,-0.12575,-0.90298,-0.41088,0.10132,0.40031,-0.91076,0.98687,-0.15616,0.041145,-0.27312,-0.95674,-0.10028,-0.32964,0.19101,-0.92458,0.90374,-0.21946,-0.36754,-0.14289,-0.89825,-0.41561,0.51897,0.28957,-0.80425,0.84277,-0.33061,0.42478
-0.23167,-0.96917,-0.083895,0.083005,0.066233,-0.99435,0.96925,-0.23732,0.065102,-0.12573,-0.903,-0.41084,0.10124,0.40028,-0.91078,0.98688,-0.15611,0.04109,-0.27312,-0.95675,-0.10021,-0.32961,0.19094,-0.92461,0.90375,-0.2195,-0.36751,-0.14283,-0.89826,-0.41561,0.51889,0.28962,-0.80429,0.84282,-0.33053,0.42473
-0.23162,-0.96918,-0.083951,0.082963,0.066305,-0.99434,0.96926,-0.23727,0.065049,-0.12571,-0.90298,-0.41087,0.10115,0.40033,-0.91077,0.9869,-0.15605,0.041016,-0.27319,-0.95672,-0.10026,-0.32968,0.19103,-0.92456,0.9037,-0.21953,-0.3676,-0.14276,-0.89825,-0.41566,0.51892,0.28969,-0.80424,0.84282,-0.33051,0.42476
-0.23155,-0.96919,-0.084006,0.082857,0.066391,-0.99435,0.96929,-0.2372,0.064932,-0.12564,-0.90297,-0.41092,0.10107,0.4004,-0.91075,0.98691,-0.15596,0.040955,-0.27323,-0.9567,-0.10032,-0.32975,0.19112,-0.92452,0.90367,-0.21953,-0.36769,-0.14269,-0.89823,-0.41572,0.51891,0.28978,-0.80422,0.84284,-0.33047,0.42475
-0.23152,-0.9692,-0.083985,0.082804,0.066385,-0.99435,0.9693,-0.23716,0.064884,-0.12563,-0.90297,-0.41093,0.10095,0.40043,-0.91075,0.98693,-0.1559,0.040851,-0.27331,-0.95668,-0.10033,-0.32985,0.19119,-0.92447,0.9036,-0.21957,-0.36782,-0.1426,-0.89822,-0.41578,0.51896,0.28985,-0.80416,0.84282,-0.33044,0.42481
-0.23149,-0.96921,-0.083954,0.082704,0.06638,-0.99436,0.96932,-0.23712,0.064792,-0.12563,-0.90295,-0.41098,0.10084,0.40049,-0.91073,0.98694,-0.15586,0.040736,-0.27335,-0.95667,-0.10034,-0.32997,0.19124,-0.92442,0.90355,-0.21958,-0.36795,-0.14259,-0.89818,-0.41585,0.51905,0.28988,-0.80408,0.84276,-0.33051,0.42487
-0.23148,-0.96922,-0.083886,0.082608,0.066334,-0.99437,0.96933,-0.23711,0.06471,-0.12562,-0.90295,-0.41097,0.10075,0.4005,-0.91074,0.98695,-0.15582,0.04066,-0.27347,-0.95664,-0.10022,-0.3301,0.1912,-0.92438,0.90347,-0.21971,-0.36807,-0.1426,-0.89818,-0.41587,0.51912,0.28986,-0.80405,0.84272,-0.33054,0.42493
-0.23151,-0.96922,-0.083822,0.082652,0.066256,-0.99437,0.96932,-0.23713,0.064769,-0.12568,-0.90296,-0.41094,0.10065,0.40048,-0.91076,0.98695,-0.15583,0.040555,-0.27359,-0.95662,-0.10017,-0.33011,0.1912,-0.92437,0.90342,-0.21983,-0.3681,-0.14257,-0.8982,-0.41583,0.51916,0.28983,-0.80403,0.8427,-0.33052,0.42499
-0.23157,-0.9692,-0.083765,0.082687,0.066184,-0.99438,0.9693,-0.2372,0.064814,-0.12571,-0.90297,-0.41089,0.10058,0.40044,-0.91078,0.98695,-0.15583,0.040483,-0.27375,-0.95658,-0.10009,-0.33005,0.19118,-0.9244,0.9034,-0.22002,-0.36806,-0.14253,-0.89821,-0.41582,0.51925,0.28981,-0.80399,0.84265,-0.33051,0.42509
-0.23165,-0.96919,-0.083763,0.082685,0.066177,-0.99438,0.96928,-0.23727,0.064807,-0.12577,-0.90296,-0.41091,0.10049,0.40048,-0.91078,0.98696,-0.15584,0.040365,-0.27394,-0.95652,-0.10016,-0.33008,0.19133,-0.92436,0.90333,-0.22016,-0.36814,-0.14253,-0.89821,-0.41581,0.51927,0.28979,-0.80398,0.84264,-0.33051,0.42511
-0.23168,-0.96917,-0.083822,0.082554,0.066268,-0.99438,0.96928,-0.2373,0.064656,-0.12585,-0.90295,-0.41091,0.10034,0.40049,-0.91079,0.98696,-0.15585,0.040198,-0.27417,-0.95645,-0.10019,-0.3302,0.19147,-0.92429,0.90322,-0.22033,-0.36831,-0.1426,-0.89821,-0.4158,0.51923,0.28976,-0.80401,0.84265,-0.33055,0.42506
-0.23175,-0.96915,-0.083865,0.082389,0.066348,-0.99439,0.96928,-0.23736,0.064471,-0.12593,-0.90297,-0.41084,0.10021,0.40044,-0.91083,0.98696,-0.15587,0.040054,-0.27442,-0.95638,-0.10019,-0.33026,0.19159,-0.92424,0.90312,-0.22054,-0.36843,-0.14271,-0.8982,-0.41578,0.51922,0.2897,-0.80404,0.84264,-0.33062,0.42502
-0.23179,-0.96915,-0.083807,0.082278,0.066312,-0.9944,0.96928,-0.23739,0.064369,-0.12604,-0.90299,-0.41076,0.1001,0.40037,-0.91087,0.98696,-0.15593,0.039926,-0.27459,-0.95633,-0.10014,-0.33036,0.19163,-0.9242,0.90303,-0.2207,-0.36856,-0.14277,-0.89821,-0.41574,0.51917,0.28965,-0.80409,0.84266,-0.33064,0.42497
-0.23183,-0.96914,-0.083772,0.082144,0.066306,-0.99441,0.96928,-0.23742,0.064237,-0.12613,-0.90297,-0.41076,0.10001,0.40039,-0.91087,0.98696,-0.15597,0.039801,-0.27476,-0.9563,-0.10002,-0.33052,0.19162,-0.92414,0.90292,-0.22086,-0.36872,-0.14286,-0.89818,-0.41576,0.51915,0.28965,-0.80411,0.84266,-0.33071,0.42491
-0.2318,-0.96916,-0.083658,0.081973,0.066233,-0.99443,0.9693,-0.23737,0.064092,-0.12625,-0.90296,-0.41077,0.099874,0.40041,-0.91088,0.98696,-0.15602,0.039631,-0.27495,-0.95625,-0.099915,-0.33066,0.19163,-0.92409,0.90281,-0.22104,-0.36888,-0.14293,-0.89816,-0.41578,0.51912,0.28964,-0.80413,0.84266,-0.33077,0.42486
-0.23188,-0.96916,-0.083471,0.081864,0.066063,-0.99445,0.96929,-0.23742,0.064021,-0.12637,-0.90295,-0.41074,0.099782,0.40039,-0.9109,0.98695,-0.15609,0.039503,-0.27515,-0.95621,-0.099727,-0.33079,0.19156,-0.92406,0.9027,-0.22127,-0.36901,-0.14307,-0.89817,-0.41571,0.5191,0.28952,-0.80418,0.84265,-0.33085,0.42482
-0.23191,-0.96916,-0.083301,0.081741,0.065916,-0.99447,0.9693,-0.23744,0.063933,-0.12646,-0.90295,-0.41071,0.099649,0.40038,-0.91092,0.98695,-0.15612,0.039348,-0.27535,-0.95618,-0.099531,-0.3309,0.19147,-0.92404,0.9026,-0.2215,-0.36912,-0.14313,-0.89815,-0.41574,0.51913,0.28951,-0.80417,0.84262,-0.33093,0.42482
-0.23186,-0.96919,-0.083115,0.081666,0.065748,-0.99449,0.96932,-0.23737,0.063906,-0.12653,-0.90296,-0.41067,0.099564,0.40035,-0.91094,0.98695,-0.15615,0.039246,-0.27555,-0.95615,-0.09926,-0.33097,0.19131,-0.92405,0.90252,-0.22177,-0.36917,-0.14321,-0.89815,-0.4157,0.51918,0.28942,-0.80417,0.84258,-0.33099,0.42486
-0.23181,-0.96923,-0.082833,0.08169,0.065455,-0.99451,0.96932,-0.2373,0.064003,-0.12655,-0.903,-0.41057,0.099579,0.40025,-0.91098,0.98695,-0.15617,0.03927,-0.27564,-0.95615,-0.098982,-0.33093,0.19107,-0.92411,0.9025,-0.22196,-0.36909,-0.14327,-0.89818,-0.41562,0.51926,0.28929,-0.80416,0.84252,-0.33103,0.42494
-0.23178,-0.96926,-0.082564,0.081676,0.065186,-0.99452,0.96933,-0.23725,0.064057,-0.1266,-0.90302,-0.41053,0.099609,0.40019,-0.911,0.98694,-0.15623,0.039283,-0.27577,-0.95615,-0.098667,-0.33094,0.19082,-0.92416,0.90246,-0.2222,-0.36905,-0.1433,-0.89822,-0.41554,0.51933,0.28918,-0.80416,0.84248,-0.33104,0.42503
-0.23175,-0.96929,-0.082299,0.081644,0.064922,-0.99454,0.96934,-0.23721,0.06409,-0.12671,-0.90305,-0.41043,0.099586,0.4001,-0.91105,0.98693,-0.15631,0.039236,-0.2759,-0.95614,-0.098338,-0.33104,0.19057,-0.92417,0.90238,-0.22242,-0.36911,-0.14336,-0.89825,-0.41545,0.51941,0.28903,-0.80416,0.84241,-0.33107,0.42513
-0.23176,-0.96931,-0.082,0.081549,0.064639,-0.99457,0.96935,-0.23719,0.064065,-0.12682,-0.90308,-0.41032,0.099556,0.39998,-0.9111,0.98692,-0.15639,0.039182,-0.27597,-0.95616,-0.098008,-0.33111,0.1903,-0.92421,0.90234,-0.2226,-0.3691,-0.14345,-0.8983,-0.4153,0.51944,0.28884,-0.80421,0.84238,-0.33109,0.42518
-0.23173,-0.96934,-0.081701,0.0815,0.064346,-0.99459,0.96936,-0.23714,0.06409,-0.12693,-0.90312,-0.41021,0.099486,0.39988,-0.91115,0.98691,-0.15646,0.039091,-0.276,-0.95618,-0.097677,-0.33112,0.18999,-0.92426,0.90232,-0.22275,-0.36905,-0.14344,-0.89839,-0.41511,0.51946,0.28868,-0.80426,0.84237,-0.33099,0.42527
-0.23173,-0.96936,-0.081506,0.08154,0.064136,-0.9946,0.96936,-0.23713,0.064179,-0.12696,-0.9031,-0.41023,0.099457,0.3999,-0.91115,0.98691,-0.15648,0.039049,-0.2761,-0.95618,-0.097434,-0.33114,0.1898,-0.9243,0.90228,-0.22293,-0.36903,-0.14342,-0.89842,-0.41506,0.51945,0.28864,-0.80428,0.84238,-0.33095,0.42528
-0.23173,-0.96938,-0.081272,0.081565,0.06389,-0.99462,0.96935,-0.23711,0.064262,-0.12698,-0.90312,-0.41018,0.099327,0.39987,-0.91117,0.98692,-0.15645,0.038928,-0.27626,-0.95615,-0.097193,-0.33116,0.18964,-0.92432,0.90223,-0.22317,-0.36903,-0.14342,-0.89846,-0.41496,0.5194,0.28857,-0.80433,0.84241,-0.33089,0.42527
-0.23171,-0.9694,-0.081124,0.08151,0.063753,-0.99463,0.96936,-0.23708,0.064244,-0.12704,-0.90309,-0.41023,0.099244,0.39993,-0.91116,0.98692,-0.15646,0.03882,-0.27649,-0.9561,-0.097031,-0.3312,0.18958,-0.92432,0.90214,-0.22343,-0.36908,-0.14342,-0.89849,-0.4149,0.51936,0.28854,-0.80437,0.84244,-0.33084,0.42526
-0.23171,-0.96941,-0.080991,0.081495,0.06362,-0.99464,0.96936,-0.23707,0.06426,-0.12709,-0.90306,-0.41028,0.099195,0.39999,-0.91114,0.98692,-0.1565,0.038744,-0.27672,-0.95605,-0.096894,-0.33122,0.18955,-0.92432,0.90206,-0.22368,-0.36912,-0.14342,-0.8985,-0.41488,0.51933,0.28853,-0.80439,0.84245,-0.33083,0.42524
-0.23164,-0.96944,-0.080829,0.081428,0.063476,-0.99466,0.96939,-0.23698,0.064236,-0.12709,-0.90304,-0.41032,0.09906,0.40005,-0.91112,0.98693,-0.15644,0.038612,-0.27692,-0.95601,-0.09676,-0.33131,0.18952,-0.92429,0.90197,-0.2239,-0.36922,-0.14341,-0.8985,-0.41489,0.5192,0.2886,-0.80445,0.84254,-0.33077,0.42511
-0.23162,-0.96945,-0.080707,0.081301,0.063382,-0.99467,0.9694,-0.23695,0.064137,-0.12711,-0.90299,-0.41043,0.098901,0.40019,-0.91108,0.98695,-0.1564,0.038438,-0.27702,-0.956,-0.096605,-0.33142,0.18944,-0.92427,0.9019,-0.22403,-0.36932,-0.14347,-0.89849,-0.41489,0.51909,0.28861,-0.80452,0.84259,-0.33079,0.42499
-0.23159,-0.96946,-0.08073,0.081173,0.063439,-0.99468,0.96942,-0.23691,0.064002,-0.12721,-0.90288,-0.41064,0.098719,0.40042,-0.911,0.98695,-0.15642,0.038195,-0.2771,-0.95598,-0.096513,-0.33159,0.18942,-0.92421,0.90181,-0.2241,-0.36948,-0.14353,-0.89842,-0.41503,0.519,0.28874,-0.80453,0.84264,-0.33087,0.42484
-0.23156,-0.96946,-0.080779,0.081064,0.063518,-0.99468,0.96944,-0.23687,0.063881,-0.12732,-0.90279,-0.41081,0.098543,0.40062,-0.91093,0.98695,-0.15647,0.037955,-0.2772,-0.95596,-0.096406,-0.33176,0.1894,-0.92415,0.90172,-0.22419,-0.36966,-0.14354,-0.89835,-0.41516,0.51893,0.28889,-0.80452,0.84268,-0.33092,0.42471
-0.2315,-0.96947,-0.080811,0.080955,0.063581,-0.99469,0.96946,-0.23681,0.063765,-0.12739,-0.90272,-0.41094,0.098464,0.40076,-0.91088,0.98695,-0.1565,0.037834,-0.27714,-0.95599,-0.096326,-0.33191,0.18933,-0.92411,0.90168,-0.22413,-0.36978,-0.14359,-0.89828,-0.41529,0.51889,0.28899,-0.80451,0.8427,-0.33101,0.42462
-0.23139,-0.9695,-0.080788,0.080859,0.063588,-0.9947,0.96949,-0.2367,0.063679,-0.12751,-0.90267,-0.41101,0.098311,0.40085,-0.91086,0.98695,-0.15655,0.03763,-0.27706,-0.95602,-0.096205,-0.33208,0.18923,-0.92408,0.90164,-0.22408,-0.3699,-0.14364,-0.89827,-0.4153,0.51875,0.28903,-0.80459,0.84277,-0.331,0.42446
-0.23138,-0.96949,-0.080902,0.080893,0.063699,-0.99469,0.96949,-0.23669,0.063686,-0.12759,-0.90259,-0.41116,0.098335,0.401,-0.91079,0.98694,-0.15664,0.037594,-0.27702,-0.95602,-0.096324,-0.33199,0.18931,-0.92409,0.90169,-0.22402,-0.36983,-0.14364,-0.89819,-0.41547,0.51878,0.28917,-0.80452,0.84276,-0.3311,0.42443
-0.23135,-0.96949,-0.081075,0.080912,0.063873,-0.99467,0.9695,-0.23668,0.063666,-0.12771,-0.9025,-0.41131,0.09832,0.40115,-0.91072,0.98693,-0.15675,0.037504,-0.277,-0.95602,-0.096407,-0.332,0.18938,-0.92407,0.90169,-0.22396,-0.36986,-0.14377,-0.89813,-0.41557,0.5188,0.2892,-0.80449,0.84272,-0.33126,0.42437
-0.23123,-0.96951,-0.081149,0.080743,0.063998,-0.99468,0.96954,-0.23655,0.063483,-0.12782,-0.90244,-0.41141,0.098152,0.40127,-0.91069,0.98693,-0.15679,0.037285,-0.27691,-0.95604,-0.096452,-0.33213,0.18942,-0.92402,0.90167,-0.22384,-0.36998,-0.14379,-0.89809,-0.41564,0.51874,0.28927,-0.80451,0.84275,-0.33128,0.42428
-0.23113,-0.96952,-0.081286,0.080652,0.064167,-0.99467,0.96957,-0.23645,0.063363,-0.1279,-0.90236,-0.41157,0.098028,0.40145,-0.91062,0.98693,-0.15682,0.03711,-0.27682,-0.95606,-0.096589,-0.33219,0.18953,-0.92397,0.90168,-0.22369,-0.37006,-0.14381,-0.89802,-0.41579,0.51874,0.2894,-0.80446,0.84275,-0.33138,0.42422
-0.23109,-0.96952,-0.081367,0.080501,0.064291,-0.99468,0.9696,-0.23641,0.063191,-0.12799,-0.9023,-0.41167,0.097988,0.40155,-0.91058,0.98692,-0.15688,0.03702,-0.27678,-0.95606,-0.096617,-0.33225,0.18956,-0.92395,0.90167,-0.22363,-0.37011,-0.14384,-0.89797,-0.41589,0.51873,0.28947,-0.80444,0.84275,-0.33145,0.42416
-0.23106,-0.96953,-0.081377,0.080387,0.06433,-0.99469,0.96961,-0.23637,0.063074,-0.12808,-0.90223,-0.41179,0.097979,0.40167,-0.91053,0.98691,-0.15697,0.036954,-0.27677,-0.95607,-0.096611,-0.33236,0.18958,-0.92391,0.90163,-0.2236,-0.37022,-0.14382,-0.89792,-0.41601,0.51882,0.28956,-0.80435,0.8427,-0.33152,0.42421
-0.23105,-0.96953,-0.081394,0.080332,0.064362,-0.99469,0.96962,-0.23637,0.063013,-0.12811,-0.90216,-0.41193,0.097998,0.40181,-0.91047,0.98691,-0.15701,0.036934,-0.27685,-0.95604,-0.096702,-0.33243,0.18971,-0.92385,0.90158,-0.22362,-0.37033,-0.1438,-0.89786,-0.41614,0.51893,0.28964,-0.80425,0.84263,-0.3316,0.42428
-0.23107,-0.96952,-0.081466,0.080322,0.064437,-0.99468,0.96961,-0.23639,0.062984,-0.12816,-0.90209,-0.41207,0.098072,0.40193,-0.9104,0.98689,-0.15709,0.03696,-0.27689,-0.95601,-0.096846,-0.33243,0.18987,-0.92382,0.90157,-0.2236,-0.37038,-0.14386,-0.89776,-0.41633,0.51906,0.28973,-0.80413,0.84254,-0.33178,0.42431
-0.23107,-0.96952,-0.081466,0.080293,0.064444,-0.99469,0.96962,-0.23638,0.062954,-0.12819,-0.90205,-0.41216,0.098041,0.40203,-0.91036,0.98689,-0.15711,0.036902,-0.27694,-0.95599,-0.096926,-0.3324,0.18996,-0.92381,0.90156,-0.22362,-0.37038,-0.14386,-0.8977,-0.41645,0.51913,0.28982,-0.80406,0.8425,-0.33187,0.42433
-0.23105,-0.96952,-0.081484,0.080293,0.064464,-0.99468,0.96962,-0.23636,0.062952,-0.12829,-0.90203,-0.41217,0.097987,0.40204,-0.91036,0.98688,-0.15718,0.036809,-0.27702,-0.95595,-0.097021,-0.33235,0.19007,-0.92381,0.90156,-0.22367,-0.37036,-0.1439,-0.89768,-0.41648,0.51919,0.2898,-0.80402,0.84245,-0.33194,0.42437
-0.231,-0.96954,-0.081446,0.080309,0.064425,-0.99469,0.96963,-0.23631,0.062981,-0.12831,-0.90203,-0.41215,0.097931,0.40203,-0.91037,0.98689,-0.15717,0.036753,-0.27703,-0.95595,-0.097035,-0.33234,0.19008,-0.92381,0.90156,-0.22367,-0.37036,-0.14389,-0.89767,-0.41651,0.51925,0.28981,-0.80398,0.84242,-0.33196,0.42441
-0.231,-0.96954,-0.0814,0.080379,0.06436,-0.99468,0.96963,-0.23631,0.063064,-0.12827,-0.90203,-0.41218,0.098016,0.40205,-0.91036,0.98688,-0.15718,0.03684,-0.27718,-0.95591,-0.096998,-0.33227,0.19009,-0.92383,0.90153,-0.22384,-0.37031,-0.14384,-0.89767,-0.41654,0.51935,0.28981,-0.80391,0.84237,-0.33197,0.42452
-0.23106,-0.96954,-0.081294,0.080414,0.064239,-0.99469,0.96961,-0.23637,0.063122,-0.1283,-0.90203,-0.41217,0.098136,0.40201,-0.91036,0.98687,-0.15725,0.036944,-0.27728,-0.95589,-0.096879,-0.33222,0.19,-0.92387,0.90152,-0.22399,-0.37025,-0.14384,-0.89766,-0.41655,0.5195,0.28976,-0.80384,0.84228,-0.33202,0.42466
-0.23104,-0.96955,-0.081262,0.080525,0.06418,-0.99468,0.96961,-0.23635,0.063245,-0.12827,-0.90201,-0.41223,0.098233,0.40206,-0.91033,0.98686,-0.15726,0.037036,-0.27728,-0.9559,-0.096765,-0.33214,0.18987,-0.92392,0.90155,-0.22404,-0.37014,-0.14382,-0.89761,-0.41667,0.51966,0.28983,-0.80371,0.84218,-0.33212,0.42477
-0.23101,-0.96956,-0.081161,0.080477,0.06409,-0.99469,0.96962,-0.23632,0.063221,-0.12833,-0.90198,-0.41227,0.098282,0.4021,-0.91031,0.98685,-0.15734,0.037048,-0.27723,-0.95593,-0.096668,-0.33213,0.18975,-0.92395,0.90157,-0.22404,-0.3701,-0.14377,-0.89756,-0.41679,0.51976,0.28991,-0.80362,0.84213,-0.33216,0.42483
-0.23098,-0.96958,-0.081045,0.08039,0.063994,-0.99471,0.96963,-0.23628,0.063163,-0.12842,-0.90196,-0.41228,0.098312,0.4021,-0.9103,0.98684,-0.15743,0.037036,-0.27721,-0.95595,-0.096524,-0.33213,0.18961,-0.92398,0.90158,-0.22408,-0.37006,-0.14374,-0.89756,-0.4168,0.51985,0.2899,-0.80356,0.84207,-0.33218,0.42493
-0.23086,-0.96962,-0.080831,0.080323,0.063799,-0.99473,0.96967,-0.23613,0.063155,-0.12849,-0.90195,-0.41229,0.098279,0.4021,-0.9103,0.98683,-0.15748,0.036976,-0.27717,-0.95599,-0.096263,-0.33228,0.18938,-0.92397,0.90154,-0.22411,-0.37014,-0.14369,-0.89756,-0.41682,0.51992,0.28991,-0.80351,0.84204,-0.33217,0.42501
-0.23083,-0.96964,-0.080722,0.080325,0.063689,-0.99473,0.96967,-0.2361,0.063185,-0.12852,-0.9019,-0.41237,0.098269,0.40219,-0.91027,0.98683,-0.15751,0.036941,-0.27715,-0.95601,-0.096072,-0.3324,0.18921,-0.92396,0.9015,-0.22414,-0.37022,-0.14367,-0.89753,-0.4169,0.52002,0.28996,-0.80343,0.84199,-0.33222,0.42507
-0.23085,-0.96965,-0.080552,0.080212,0.063541,-0.99475,0.96968,-0.23609,0.06311,-0.12856,-0.9019,-0.41238,0.098078,0.40223,-0.91027,0.98684,-0.15747,0.036745,-0.27723,-0.95601,-0.095862,-0.33251,0.18907,-0.92395,0.90143,-0.22427,-0.3703,-0.14368,-0.89753,-0.4169,0.51995,0.28998,-0.80347,0.84203,-0.33221,0.425
-0.23088,-0.96965,-0.080438,0.080164,0.063433,-0.99476,0.96967,-0.23612,0.063086,-0.12866,-0.90187,-0.41241,0.097962,0.40227,-0.91026,0.98684,-0.15751,0.036594,-0.27742,-0.95597,-0.095754,-0.3325,0.18904,-0.92396,0.90138,-0.22449,-0.3703,-0.14376,-0.89753,-0.41686,0.51991,0.28992,-0.80352,0.84204,-0.33224,0.42496
-0.23099,-0.96963,-0.080421,0.080114,0.06342,-0.99477,0.96965,-0.23623,0.063031,-0.12873,-0.90183,-0.41247,0.097822,0.40235,-0.91024,0.98684,-0.15752,0.036425,-0.2776,-0.95591,-0.095784,-0.33247,0.18913,-0.92395,0.90133,-0.22464,-0.37032,-0.14379,-0.89753,-0.41685,0.51985,0.28992,-0.80355,0.84207,-0.33225,0.4249
-0.2311,-0.96961,-0.080367,0.080144,0.063351,-0.99477,0.96962,-0.23633,0.063068,-0.12877,-0.90185,-0.41242,0.09775,0.40231,-0.91027,0.98685,-0.15753,0.036351,-0.27767,-0.95589,-0.095807,-0.33237,0.18916,-0.92399,0.90135,-0.22472,-0.37023,-0.14373,-0.89758,-0.41676,0.51983,0.28988,-0.80358,0.84209,-0.33215,0.42493
-0.23113,-0.96961,-0.080255,0.080075,0.06325,-0.99478,0.96962,-0.23635,0.063022,-0.1288,-0.90185,-0.41241,0.097708,0.40231,-0.91028,0.98685,-0.15754,0.0363,-0.27772,-0.95587,-0.095806,-0.33241,0.18919,-0.92397,0.90132,-0.22476,-0.37028,-0.14373,-0.89762,-0.41669,0.51975,0.28984,-0.80365,0.84214,-0.33208,0.42487
-0.23112,-0.96962,-0.080064,0.079906,0.063096,-0.9948,0.96964,-0.23632,0.062896,-0.1289,-0.90188,-0.41231,0.097651,0.40221,-0.91032,0.98684,-0.1576,0.036223,-0.27769,-0.95589,-0.095662,-0.33254,0.18907,-0.92394,0.90128,-0.22476,-0.37037,-0.14379,-0.89768,-0.41653,0.51962,0.28973,-0.80377,0.84221,-0.33202,0.42479
-0.23113,-0.96963,-0.079925,0.079775,0.062985,-0.99482,0.96965,-0.23631,0.062795,-0.129,-0.90188,-0.41229,0.097608,0.40219,-0.91034,0.98683,-0.15767,0.036149,-0.27763,-0.95592,-0.095627,-0.33261,0.18903,-0.92393,0.90127,-0.22471,-0.37043,-0.14381,-0.89767,-0.41653,0.51958,0.28973,-0.8038,0.84223,-0.33202,0.42475
-0.23111,-0.96966,-0.079724,0.079574,0.062829,-0.99485,0.96967,-0.23626,0.062639,-0.12907,-0.90192,-0.41217,0.097574,0.40208,-0.91039,0.98682,-0.15772,0.036109,-0.27756,-0.95596,-0.095399,-0.3327,0.1888,-0.92394,0.90126,-0.22471,-0.37045,-0.14388,-0.89772,-0.41641,0.51958,0.28959,-0.80385,0.84222,-0.33202,0.42477
-0.23105,-0.96969,-0.079509,0.079454,0.062642,-0.99487,0.96969,-0.23618,0.062572,-0.12909,-0.90197,-0.41205,0.097534,0.40197,-0.91044,0.98682,-0.15772,0.036081,-0.27741,-0.95602,-0.095193,-0.33276,0.18856,-0.92397,0.90128,-0.22464,-0.37044,-0.14395,-0.89775,-0.41631,0.51955,0.28948,-0.80391,0.84222,-0.33202,0.42476
-0.23097,-0.96972,-0.079296,0.079297,0.062467,-0.99489,0.96972,-0.23608,0.062468,-0.12916,-0.90198,-0.41201,0.097474,0.40193,-0.91047,0.98682,-0.15776,0.036007,-0.27725,-0.9561,-0.094946,-0.3329,0.18829,-0.92397,0.90128,-0.22456,-0.37049,-0.14401,-0.89776,-0.41627,0.51953,0.28943,-0.80394,0.84223,-0.33204,0.42473
-0.23096,-0.96974,-0.079119,0.079139,0.062325,-0.99491,0.96974,-0.23604,0.06235,-0.1293,-0.902,-0.41192,0.097393,0.40185,-0.91051,0.98681,-0.15784,0.035891,-0.27717,-0.95614,-0.094696,-0.33301,0.18805,-0.92398,0.90127,-0.22456,-0.37053,-0.14411,-0.89778,-0.4162,0.51953,0.28932,-0.80398,0.84221,-0.33209,0.42473
-0.23095,-0.96976,-0.078944,0.07899,0.062182,-0.99493,0.96975,-0.23601,0.06224,-0.12939,-0.90202,-0.41186,0.097306,0.40179,-0.91055,0.98681,-0.15789,0.035784,-0.27707,-0.95619,-0.094476,-0.33314,0.18783,-0.92398,0.90125,-0.22454,-0.37059,-0.14413,-0.89781,-0.41612,0.51948,0.28926,-0.80403,0.84224,-0.33205,0.42471
-0.23097,-0.96976,-0.078805,0.078784,0.062088,-0.99496,0.96976,-0.23602,0.062062,-0.12951,-0.90201,-0.41184,0.097158,0.4018,-0.91056,0.98681,-0.15794,0.035602,-0.277,-0.95622,-0.094372,-0.33325,0.18772,-0.92396,0.90123,-0.22449,-0.37067,-0.1442,-0.89779,-0.41614,0.51942,0.28927,-0.80407,0.84226,-0.3321,0.42462
-0.23102,-0.96977,-0.078621,0.078589,0.061943,-0.99498,0.96977,-0.23604,0.061903,-0.12964,-0.90202,-0.41177,0.096979,0.40175,-0.9106,0.98681,-0.15798,0.035395,-0.27699,-0.95624,-0.094264,-0.33337,0.18765,-0.92393,0.90119,-0.2245,-0.37076,-0.14431,-0.89779,-0.41611,0.5193,0.28924,-0.80416,0.84232,-0.33214,0.42448
-0.23107,-0.96977,-0.078505,0.078466,0.061851,-0.995,0.96977,-0.23607,0.061802,-0.12974,-0.90204,-0.41169,0.096792,0.40169,-0.91065,0.98681,-0.158,0.035193,-0.27701,-0.95625,-0.09413,-0.33346,0.18755,-0.92392,0.90115,-0.22454,-0.37083,-0.1444,-0.8978,-0.41606,0.51923,0.28918,-0.80422,0.84234,-0.33216,0.42441
-0.23114,-0.96975,-0.078477,0.078222,0.061877,-0.99501,0.96977,-0.23612,0.061554,-0.12982,-0.90204,-0.41167,0.096544,0.40171,-0.91066,0.98683,-0.15796,0.034937,-0.27708,-0.95622,-0.094137,-0.33361,0.18762,-0.92385,0.90107,-0.22458,-0.37099,-0.14446,-0.8978,-0.41604,0.51912,0.28918,-0.80429,0.8424,-0.33217,0.42429
-0.23123,-0.96973,-0.078453,0.077991,0.061903,-0.99503,0.96977,-0.2362,0.061316,-0.12983,-0.902,-0.41174,0.096298,0.40182,-0.91064,0.98685,-0.15788,0.034692,-0.27707,-0.95622,-0.094242,-0.33373,0.18775,-0.92378,0.90103,-0.22451,-0.37114,-0.14441,-0.89781,-0.41602,0.51899,0.28924,-0.80436,0.84249,-0.33207,0.42419
-0.23141,-0.96968,-0.078523,0.07791,0.061983,-0.99503,0.96973,-0.23638,0.061205,-0.12986,-0.90196,-0.41184,0.096229,0.40193,-0.9106,0.98685,-0.15788,0.034599,-0.27722,-0.95616,-0.094387,-0.33379,0.18796,-0.92372,0.90096,-0.22457,-0.37126,-0.14435,-0.89778,-0.41611,0.51898,0.28935,-0.80433,0.84251,-0.33205,0.42416
-0.23156,-0.96964,-0.078568,0.077918,0.062017,-0.99503,0.9697,-0.23653,0.061192,-0.12988,-0.90191,-0.41194,0.096145,0.40204,-0.91056,0.98686,-0.15787,0.034496,-0.27742,-0.95609,-0.094516,-0.33382,0.18817,-0.92366,0.90089,-0.22469,-0.37136,-0.14427,-0.89773,-0.41625,0.51897,0.28951,-0.80427,0.84253,-0.33205,0.42413
-0.23173,-0.96959,-0.078697,0.077982,0.062123,-0.99502,0.96965,-0.23671,0.061215,-0.12985,-0.90188,-0.41201,0.096118,0.40212,-0.91053,0.98686,-0.15784,0.034469,-0.27769,-0.95599,-0.094673,-0.33371,0.1884,-0.92366,0.90085,-0.2249,-0.37134,-0.14427,-0.89768,-0.41636,0.519,0.28961,-0.80422,0.84251,-0.33211,0.42411
-0.23174,-0.96958,-0.078779,0.078049,0.062191,-0.99501,0.96964,-0.23673,0.061262,-0.12977,-0.90185,-0.41211,0.096071,0.40223,-0.91048,0.98688,-0.15774,0.034445,-0.27782,-0.95594,-0.094875,-0.3336,0.18862,-0.92365,0.90085,-0.22496,-0.37131,-0.14419,-0.89764,-0.41648,0.51905,0.28973,-0.80414,0.8425,-0.33212,0.42414
-0.23176,-0.96957,-0.078902,0.077923,0.062346,-0.99501,0.96965,-0.23675,0.061103,-0.12983,-0.90179,-0.41222,0.095926,0.40236,-0.91044,0.98689,-0.15774,0.034268,-0.27792,-0.95589,-0.095062,-0.33366,0.18886,-0.92358,0.9008,-0.22496,-0.37143,-0.14418,-0.89759,-0.41659,0.51907,0.28982,-0.8041,0.84248,-0.33217,0.42412
-0.23179,-0.96955,-0.079019,0.077781,0.062498,-0.99501,0.96965,-0.23678,0.060927,-0.12991,-0.90175,-0.41227,0.095711,0.40244,-0.91043,0.9869,-0.15773,0.034026,-0.2779,-0.95588,-0.095199,-0.33361,0.18897,-0.92358,0.90082,-0.2249,-0.37141,-0.14418,-0.89753,-0.41671,0.51904,0.28994,-0.80407,0.8425,-0.33222,0.42405
-0.23174,-0.96956,-0.079113,0.077642,0.062632,-0.99501,0.96968,-0.23672,0.060765,-0.13003,-0.9017,-0.41234,0.095575,0.40253,-0.9104,0.98689,-0.15779,0.033838,-0.27778,-0.95591,-0.095298,-0.33354,0.189,-0.92359,0.90088,-0.22477,-0.37134,-0.1442,-0.89749,-0.4168,0.51896,0.29004,-0.80408,0.84255,-0.33225,0.42394
