-0.3593,-0.84974,-0.3858,0.81189,-0.080784,-0.57819,0.46015,-0.52097,0.71892,0.57552,-0.68928,-0.44008,0.26662,-0.35058,0.89778,-0.77311,-0.63402,-0.017984,-0.21607,-0.74266,-0.63386,0.64651,-0.59531,0.4771,-0.73167,-0.30671,0.60877,0.54027,-0.63318,-0.55424,0.36738,-0.41507,0.83231,-0.75706,-0.65329,0.0083664
-0.35911,-0.84993,-0.38555,0.81187,-0.080729,-0.57823,0.46033,-0.52067,0.71903,0.57572,-0.6893,-0.43978,0.2664,-0.35038,0.89792,-0.77303,-0.63411,-0.018091,-0.21568,-0.74309,-0.63349,0.64665,-0.59481,0.47755,-0.73166,-0.30664,0.6088,0.54047,-0.63327,-0.55395,0.36732,-0.41474,0.8325,-0.75694,-0.65343,0.0084577
-0.35898,-0.8502,-0.38508,0.81191,-0.080952,-0.57815,0.46037,-0.52019,0.71934,0.57593,-0.68947,-0.43924,0.26609,-0.34994,0.89819,-0.77298,-0.63417,-0.018083,-0.21527,-0.74351,-0.63312,0.64664,-0.59435,0.47812,-0.73179,-0.30648,0.60873,0.5407,-0.63351,-0.55346,0.36714,-0.41425,0.83283,-0.75687,-0.65351,0.0086032
-0.35889,-0.85049,-0.38452,0.81204,-0.081386,-0.5779,0.4602,-0.51965,0.71984,0.57619,-0.68976,-0.43845,0.26554,-0.34937,0.89857,-0.77298,-0.63418,-0.018148,-0.21486,-0.74397,-0.63273,0.64645,-0.59396,0.47886,-0.73208,-0.30614,0.60855,0.54104,-0.63382,-0.55276,0.36673,-0.41368,0.83329,-0.75682,-0.65356,0.0086216
-0.35879,-0.8508,-0.38393,0.81229,-0.081965,-0.57747,0.45984,-0.51905,0.7205,0.57655,-0.69011,-0.43743,0.26475,-0.34869,0.89907,-0.77298,-0.63417,-0.018332,-0.21443,-0.74441,-0.63235,0.64612,-0.59363,0.47972,-0.7325,-0.30571,0.60827,0.54148,-0.6342,-0.5519,0.36612,-0.41306,0.83387,-0.7568,-0.65359,0.0085322
-0.35866,-0.85116,-0.38327,0.81268,-0.08272,-0.5768,0.45925,-0.51835,0.72139,0.57698,-0.69057,-0.43613,0.26369,-0.34788,0.89969,-0.77302,-0.63411,-0.01862,-0.21387,-0.74496,-0.6319,0.64565,-0.59323,0.48085,-0.73307,-0.30515,0.60786,0.54204,-0.63469,-0.55078,0.36527,-0.41231,0.83461,-0.75681,-0.65358,0.0083447
-0.35847,-0.85157,-0.38254,0.81308,-0.08346,-0.57613,0.45869,-0.51756,0.72231,0.57743,-0.69105,-0.43478,0.26258,-0.34705,0.90034,-0.77307,-0.63404,-0.01894,-0.21336,-0.74544,-0.6315,0.64516,-0.5929,0.48191,-0.73365,-0.3046,0.60743,0.5427,-0.63511,-0.54965,0.36438,-0.4116,0.83535,-0.75677,-0.65363,0.0080445
-0.35833,-0.85197,-0.38178,0.8134,-0.084182,-0.57559,0.45824,-0.51679,0.72315,0.57785,-0.69151,-0.43348,0.26152,-0.34624,0.90096,-0.77311,-0.63398,-0.019228,-0.2129,-0.74592,-0.63109,0.64471,-0.59258,0.4829,-0.73418,-0.30406,0.60707,0.54338,-0.63554,-0.54848,0.36341,-0.41087,0.83613,-0.75675,-0.65366,0.0077082
-0.35818,-0.85235,-0.38106,0.81374,-0.084891,-0.575,0.45775,-0.51604,0.72399,0.57822,-0.69203,-0.43215,0.26046,-0.34539,0.90159,-0.77319,-0.63388,-0.01947,-0.21254,-0.74639,-0.63066,0.64421,-0.59232,0.4839,-0.73473,-0.30343,0.60672,0.54399,-0.63603,-0.5473,0.36245,-0.41014,0.83691,-0.75677,-0.65364,0.007419
-0.35815,-0.85268,-0.38035,0.81397,-0.085603,-0.57456,0.45736,-0.51537,0.72472,0.57858,-0.69243,-0.43103,0.25953,-0.3447,0.90212,-0.77323,-0.63382,-0.019734,-0.21227,-0.74678,-0.63028,0.64376,-0.59211,0.48474,-0.73519,-0.30286,0.60644,0.54449,-0.63649,-0.54627,0.36164,-0.40949,0.83758,-0.7568,-0.6536,0.0072165
-0.35816,-0.85297,-0.37969,0.81416,-0.086265,-0.57419,0.45702,-0.51478,0.72535,0.5789,-0.69274,-0.4301,0.25863,-0.34424,0.90256,-0.77329,-0.63373,-0.020117,-0.21209,-0.74706,-0.63001,0.64332,-0.59202,0.48545,-0.73564,-0.30234,0.60616,0.54494,-0.63689,-0.54536,0.36088,-0.40894,0.83817,-0.75684,-0.65356,0.0069943
-0.35826,-0.85322,-0.37902,0.81425,-0.086924,-0.57397,0.45678,-0.51425,0.72588,0.57926,-0.69292,-0.42932,0.25787,-0.34386,0.90292,-0.77328,-0.63374,-0.020502,-0.21207,-0.74737,-0.62966,0.64294,-0.59193,0.48605,-0.73597,-0.30176,0.60604,0.54534,-0.63718,-0.54462,0.36029,-0.40847,0.83866,-0.75683,-0.65358,0.0068161
-0.35827,-0.85348,-0.37843,0.81431,-0.087404,-0.57381,0.45666,-0.51374,0.72631,0.57958,-0.69307,-0.42865,0.25718,-0.34356,0.90323,-0.77327,-0.63374,-0.020875,-0.21216,-0.74754,-0.62942,0.6426,-0.59197,0.48646,-0.73625,-0.30125,0.60596,0.54571,-0.6374,-0.54398,0.35976,-0.40809,0.83907,-0.75682,-0.65359,0.0066108
-0.35863,-0.85366,-0.37769,0.8142,-0.088157,-0.57386,0.45658,-0.51331,0.72667,0.57976,-0.69327,-0.42809,0.25662,-0.34329,0.90349,-0.77332,-0.63367,-0.021123,-0.21228,-0.74759,-0.62932,0.64228,-0.5921,0.48672,-0.73649,-0.30088,0.60585,0.54601,-0.63759,-0.54345,0.3593,-0.40778,0.83941,-0.75682,-0.6536,0.0064356
-0.35895,-0.85383,-0.377,0.81408,-0.088833,-0.57392,0.45654,-0.51291,0.72697,0.58,-0.69341,-0.42754,0.25607,-0.34303,0.90374,-0.77332,-0.63365,-0.021396,-0.21241,-0.74755,-0.62933,0.64199,-0.59229,0.48687,-0.7367,-0.30061,0.60572,0.54632,-0.63773,-0.54298,0.35888,-0.40752,0.83972,-0.75679,-0.65362,0.0062271
-0.35927,-0.85395,-0.37641,0.81402,-0.089507,-0.5739,0.4564,-0.51259,0.72729,0.58027,-0.69348,-0.42705,0.25547,-0.3429,0.90397,-0.77332,-0.63364,-0.021817,-0.21247,-0.74745,-0.62943,0.64169,-0.59251,0.487,-0.73695,-0.30042,0.60552,0.54666,-0.63781,-0.54256,0.35845,-0.40733,0.84,-0.75676,-0.65367,0.005948
-0.35956,-0.85407,-0.37588,0.81394,-0.090082,-0.57392,0.45631,-0.5123,0.72755,0.58058,-0.69348,-0.42662,0.25491,-0.34282,0.90416,-0.77327,-0.63368,-0.022259,-0.21247,-0.74737,-0.62952,0.64146,-0.59266,0.48711,-0.73715,-0.30032,0.60533,0.54697,-0.63779,-0.54226,0.35807,-0.40726,0.84019,-0.75671,-0.65373,0.0056152
-0.35987,-0.85417,-0.37536,0.8138,-0.0906,-0.57405,0.45632,-0.51205,0.72772,0.58085,-0.69351,-0.42621,0.25441,-0.3427,0.90434,-0.77323,-0.63372,-0.022617,-0.21249,-0.7473,-0.6296,0.64127,-0.59281,0.48719,-0.73731,-0.30022,0.60518,0.54727,-0.63778,-0.54197,0.3578,-0.40711,0.84038,-0.75662,-0.65383,0.0053999
-0.36014,-0.85429,-0.37483,0.81368,-0.091107,-0.57413,0.45632,-0.51176,0.72792,0.58115,-0.69349,-0.42584,0.254,-0.34256,0.90451,-0.77314,-0.63382,-0.022939,-0.21253,-0.74722,-0.62967,0.64113,-0.59293,0.48722,-0.73742,-0.30015,0.60508,0.54751,-0.63777,-0.54174,0.3576,-0.40698,0.84053,-0.75654,-0.65392,0.0052405
-0.36041,-0.8544,-0.3743,0.81356,-0.091618,-0.57422,0.45633,-0.51147,0.72812,0.58144,-0.69346,-0.42548,0.25361,-0.34243,0.90467,-0.77305,-0.63391,-0.023233,-0.21254,-0.74718,-0.62972,0.64103,-0.59301,0.48726,-0.7375,-0.30012,0.605,0.54774,-0.63779,-0.54148,0.35737,-0.40683,0.8407,-0.75648,-0.65399,0.0050897
-0.36061,-0.85451,-0.37387,0.8135,-0.092062,-0.57423,0.45626,-0.51122,0.72834,0.58176,-0.69338,-0.42519,0.25324,-0.34236,0.9048,-0.77293,-0.63405,-0.023581,-0.21252,-0.74714,-0.62977,0.64091,-0.59308,0.48733,-0.73761,-0.30006,0.60489,0.54798,-0.63783,-0.54119,0.3571,-0.40668,0.84088,-0.75644,-0.65405,0.0049162
-0.36072,-0.85464,-0.37345,0.81346,-0.092414,-0.57423,0.45625,-0.51093,0.72855,0.5821,-0.69329,-0.42486,0.25288,-0.34224,0.90494,-0.77279,-0.63421,-0.023902,-0.21246,-0.74722,-0.6297,0.64088,-0.59301,0.48746,-0.73766,-0.3,0.60486,0.54822,-0.63786,-0.54091,0.35688,-0.40651,0.84107,-0.75637,-0.65413,0.0047804
-0.36075,-0.85477,-0.37313,0.81344,-0.092645,-0.57423,0.45627,-0.51067,0.72872,0.58247,-0.69319,-0.42451,0.25249,-0.34212,0.9051,-0.77264,-0.63438,-0.024253,-0.21232,-0.74732,-0.62964,0.64087,-0.5929,0.48761,-0.73771,-0.29999,0.60481,0.54848,-0.63788,-0.54063,0.3567,-0.40628,0.84125,-0.75626,-0.65425,0.0046967
-0.36073,-0.85492,-0.37281,0.81338,-0.09277,-0.57428,0.45638,-0.5104,0.72884,0.58275,-0.69316,-0.42418,0.25219,-0.34196,0.90525,-0.77253,-0.6345,-0.024468,-0.21219,-0.74745,-0.62951,0.64092,-0.59273,0.48774,-0.7377,-0.29997,0.60483,0.54872,-0.6379,-0.54037,0.35656,-0.40606,0.84142,-0.75616,-0.65437,0.0046367
-0.36064,-0.855,-0.37271,0.81342,-0.09278,-0.57423,0.45639,-0.51026,0.72894,0.58306,-0.6931,-0.42385,0.2518,-0.34184,0.90539,-0.77242,-0.63463,-0.024789,-0.21188,-0.7476,-0.62945,0.64091,-0.59252,0.488,-0.73779,-0.30003,0.60469,0.54903,-0.63789,-0.54006,0.35626,-0.40591,0.84161,-0.75607,-0.65447,0.0043986
-0.36043,-0.85513,-0.37263,0.81353,-0.092734,-0.57408,0.45636,-0.51006,0.7291,0.5834,-0.69308,-0.42342,0.25137,-0.34166,0.90558,-0.77231,-0.63475,-0.025108,-0.21142,-0.74777,-0.6294,0.64087,-0.59226,0.48838,-0.73796,-0.30012,0.60444,0.54936,-0.6379,-0.53971,0.35595,-0.40572,0.84184,-0.75598,-0.65459,0.0041752
-0.3602,-0.85524,-0.37259,0.81367,-0.092675,-0.5739,0.45629,-0.50988,0.72926,0.58373,-0.69309,-0.42295,0.2509,-0.34144,0.9058,-0.77221,-0.63486,-0.025411,-0.211,-0.748,-0.62926,0.6408,-0.59198,0.48881,-0.73814,-0.30009,0.60423,0.5497,-0.63791,-0.53936,0.35559,-0.40556,0.84207,-0.7559,-0.65467,0.0038927
-0.35993,-0.85541,-0.37245,0.81385,-0.092676,-0.57364,0.45618,-0.50959,0.72953,0.58405,-0.69321,-0.4223,0.25031,-0.34109,0.90609,-0.77216,-0.63491,-0.025694,-0.21054,-0.74834,-0.62902,0.64075,-0.59159,0.48934,-0.73832,-0.30002,0.60405,0.55009,-0.63801,-0.53884,0.3552,-0.40521,0.8424,-0.7558,-0.65479,0.0037208
-0.35968,-0.8556,-0.37226,0.8141,-0.092814,-0.57326,0.45593,-0.50924,0.72993,0.58432,-0.69345,-0.42154,0.24964,-0.34067,0.90644,-0.77217,-0.63488,-0.02595,-0.21,-0.74873,-0.62873,0.64058,-0.59118,0.49006,-0.73862,-0.29984,0.60377,0.55047,-0.63823,-0.53819,0.35471,-0.40477,0.84282,-0.75575,-0.65485,0.0035684
-0.35942,-0.85578,-0.37211,0.81424,-0.092792,-0.57306,0.45588,-0.50896,0.73016,0.58454,-0.69361,-0.42096,0.24922,-0.34026,0.9067,-0.77214,-0.63492,-0.026032,-0.20954,-0.74908,-0.62847,0.64054,-0.59078,0.49059,-0.73878,-0.29976,0.60361,0.55075,-0.6384,-0.53769,0.35435,-0.40443,0.84313,-0.75572,-0.65489,0.0034749
-0.35916,-0.85592,-0.37203,0.81432,-0.092656,-0.57297,0.45595,-0.50873,0.73027,0.58475,-0.6937,-0.42052,0.24889,-0.33996,0.9069,-0.77208,-0.63498,-0.026137,-0.20911,-0.74938,-0.62825,0.64059,-0.59039,0.49101,-0.73886,-0.29977,0.6035,0.55101,-0.63848,-0.53734,0.35414,-0.40414,0.84336,-0.75563,-0.65499,0.003427
-0.35892,-0.85606,-0.37194,0.81441,-0.092563,-0.57286,0.45598,-0.50852,0.73041,0.58504,-0.69374,-0.42007,0.24857,-0.33965,0.90711,-0.77198,-0.63511,-0.026267,-0.20859,-0.74969,-0.62806,0.64063,-0.58997,0.49146,-0.73898,-0.29984,0.60333,0.55129,-0.63852,-0.537,0.35395,-0.40386,0.84357,-0.75551,-0.65512,0.0033607
-0.35869,-0.8562,-0.37185,0.81453,-0.092519,-0.57269,0.45593,-0.5083,0.73059,0.58528,-0.69387,-0.41952,0.24817,-0.33928,0.90736,-0.77192,-0.63517,-0.026376,-0.2081,-0.75,-0.62785,0.64064,-0.58957,0.49193,-0.73911,-0.29985,0.60317,0.55154,-0.63861,-0.53664,0.35371,-0.40359,0.84381,-0.75544,-0.65521,0.0032886
-0.3585,-0.8563,-0.37178,0.81466,-0.092499,-0.57251,0.45585,-0.50812,0.73076,0.58549,-0.69402,-0.41898,0.24778,-0.33889,0.90761,-0.77189,-0.63521,-0.026448,-0.20757,-0.75029,-0.62768,0.64064,-0.58917,0.4924,-0.73925,-0.29991,0.60296,0.55185,-0.63871,-0.5362,0.35344,-0.40324,0.84408,-0.75535,-0.65532,0.0032226
-0.35833,-0.85642,-0.37167,0.8148,-0.092546,-0.5723,0.45574,-0.50791,0.73098,0.58568,-0.6942,-0.41841,0.24741,-0.33846,0.90787,-0.77186,-0.63524,-0.02648,-0.20703,-0.75068,-0.62739,0.64065,-0.58869,0.49297,-0.7394,-0.29987,0.6028,0.55207,-0.63888,-0.53577,0.35321,-0.40286,0.84436,-0.75529,-0.65539,0.0032544
-0.35813,-0.85655,-0.37158,0.81496,-0.092563,-0.57208,0.45562,-0.5077,0.7312,0.58586,-0.69438,-0.41786,0.24713,-0.33798,0.90813,-0.77181,-0.6353,-0.026413,-0.20638,-0.75112,-0.62708,0.64071,-0.58811,0.49358,-0.73953,-0.29991,0.60262,0.55235,-0.63904,-0.53529,0.353,-0.40242,0.84466,-0.75519,-0.6555,0.0033009
-0.3579,-0.85669,-0.37147,0.81512,-0.092573,-0.57185,0.45551,-0.50746,0.73144,0.58603,-0.69459,-0.41727,0.24682,-0.33747,0.9084,-0.77179,-0.63534,-0.026327,-0.20576,-0.7516,-0.6267,0.64074,-0.58752,0.49424,-0.73968,-0.29985,0.60247,0.5526,-0.63919,-0.53485,0.35282,-0.402,0.84494,-0.75508,-0.65562,0.0033751
-0.35759,-0.85687,-0.37135,0.81531,-0.092534,-0.57158,0.45541,-0.50715,0.73171,0.58615,-0.69484,-0.41669,0.24651,-0.33697,0.90867,-0.77179,-0.63533,-0.026226,-0.20514,-0.7521,-0.6263,0.64074,-0.58692,0.49495,-0.73984,-0.29977,0.6023,0.55281,-0.6394,-0.53439,0.35264,-0.40154,0.84523,-0.75502,-0.6557,0.0035021
-0.35724,-0.85706,-0.37125,0.81546,-0.092386,-0.5714,0.45542,-0.50687,0.7319,0.58625,-0.69502,-0.41625,0.24635,-0.33653,0.90888,-0.77176,-0.63537,-0.026072,-0.20457,-0.7526,-0.6259,0.64085,-0.58631,0.49553,-0.7399,-0.29974,0.60224,0.55305,-0.6396,-0.53391,0.35248,-0.40103,0.84553,-0.75491,-0.65581,0.0036577
-0.35706,-0.85717,-0.37119,0.81555,-0.092336,-0.57127,0.4554,-0.5067,0.73203,0.58631,-0.69517,-0.4159,0.24621,-0.3362,0.90904,-0.77176,-0.63538,-0.025955,-0.20411,-0.75308,-0.62547,0.64096,-0.58573,0.49607,-0.73994,-0.29965,0.60225,0.5532,-0.63978,-0.53352,0.35239,-0.4006,0.84578,-0.75485,-0.65589,0.0038373
-0.35687,-0.85723,-0.37121,0.81565,-0.09224,-0.57114,0.45536,-0.5066,0.73212,0.58639,-0.69525,-0.41565,0.24605,-0.33601,0.90915,-0.77175,-0.63539,-0.025964,-0.20364,-0.75344,-0.62518,0.64108,-0.58524,0.49649,-0.73996,-0.29969,0.6022,0.55333,-0.6399,-0.53325,0.35236,-0.40027,0.84595,-0.75477,-0.65598,0.0039959
-0.35658,-0.85733,-0.37127,0.8158,-0.092047,-0.57097,0.45533,-0.50648,0.73223,0.58646,-0.69539,-0.41533,0.24584,-0.33576,0.9093,-0.77177,-0.63538,-0.025956,-0.20316,-0.75382,-0.62488,0.64122,-0.58474,0.49692,-0.73998,-0.29973,0.60216,0.55344,-0.64004,-0.53297,0.35234,-0.39991,0.84612,-0.75469,-0.65607,0.004191
-0.35624,-0.85743,-0.37136,0.81597,-0.091824,-0.57075,0.45528,-0.50634,0.73235,0.58653,-0.69549,-0.41505,0.24555,-0.33564,0.90942,-0.77181,-0.63532,-0.026084,-0.20263,-0.75417,-0.62463,0.64136,-0.58422,0.49733,-0.74,-0.29984,0.60208,0.55363,-0.64013,-0.53267,0.35227,-0.39957,0.84632,-0.75459,-0.65618,0.0042832
-0.3559,-0.85759,-0.37132,0.81608,-0.091603,-0.57063,0.45535,-0.50612,0.73246,0.5866,-0.69566,-0.41468,0.24524,-0.33542,0.90959,-0.77186,-0.63526,-0.026151,-0.20211,-0.75459,-0.62429,0.64146,-0.58368,0.49784,-0.74006,-0.29984,0.60201,0.55383,-0.64024,-0.53233,0.35221,-0.39918,0.84653,-0.75447,-0.65632,0.0044222
-0.3555,-0.85774,-0.37135,0.8162,-0.091285,-0.57051,0.45545,-0.50591,0.73254,0.58664,-0.69581,-0.41437,0.24495,-0.33524,0.90973,-0.77191,-0.63519,-0.026232,-0.20166,-0.75495,-0.624,0.64161,-0.58319,0.49823,-0.74005,-0.29989,0.60199,0.55395,-0.64035,-0.53207,0.35215,-0.39889,0.84669,-0.75441,-0.65639,0.0045311
-0.35512,-0.85793,-0.37129,0.8163,-0.091024,-0.57042,0.45558,-0.50565,0.73265,0.58678,-0.69591,-0.41401,0.24477,-0.33492,0.9099,-0.77187,-0.63525,-0.026188,-0.20124,-0.75532,-0.62369,0.64179,-0.58268,0.49858,-0.74,-0.29995,0.60202,0.55417,-0.64039,-0.53178,0.35213,-0.39852,0.84687,-0.75425,-0.65657,0.0046549
-0.35484,-0.85809,-0.37118,0.81632,-0.090832,-0.57041,0.45574,-0.50541,0.73271,0.58691,-0.69594,-0.41377,0.24476,-0.33463,0.91001,-0.77177,-0.63536,-0.026062,-0.20085,-0.75566,-0.62341,0.64201,-0.5822,0.49887,-0.73992,-0.30004,0.60207,0.55433,-0.64043,-0.53157,0.35219,-0.39818,0.847,-0.75411,-0.65674,0.004829
-0.35463,-0.85821,-0.3711,0.81633,-0.090662,-0.57043,0.4559,-0.50523,0.73273,0.58696,-0.696,-0.41359,0.24478,-0.33438,0.91009,-0.77172,-0.63543,-0.0259,-0.20051,-0.75592,-0.6232,0.64216,-0.58182,0.49912,-0.73989,-0.30012,0.60208,0.55443,-0.64047,-0.53143,0.35228,-0.39792,0.84709,-0.75399,-0.65686,0.0050104
-0.3545,-0.85827,-0.37108,0.81633,-0.09054,-0.57044,0.456,-0.50515,0.73273,0.58713,-0.69594,-0.41345,0.24488,-0.33412,0.91016,-0.77156,-0.63563,-0.025749,-0.20019,-0.75621,-0.62295,0.64236,-0.5814,0.49935,-0.7398,-0.30019,0.60215,0.55455,-0.64046,-0.53131,0.35241,-0.39764,0.84716,-0.75385,-0.65703,0.005198
-0.35434,-0.85833,-0.37109,0.81635,-0.090384,-0.57044,0.45609,-0.50507,0.73273,0.58731,-0.69585,-0.41334,0.245,-0.33389,0.91021,-0.77139,-0.63585,-0.025614,-0.19985,-0.75647,-0.62275,0.64256,-0.581,0.49955,-0.73971,-0.30032,0.60219,0.55471,-0.6404,-0.53121,0.35255,-0.39739,0.84722,-0.75366,-0.65724,0.0053372
-0.35421,-0.85843,-0.37099,0.81638,-0.090343,-0.57041,0.45614,-0.50491,0.7328,0.58748,-0.69587,-0.41308,0.24505,-0.33351,0.91034,-0.77124,-0.63603,-0.025409,-0.19957,-0.7568,-0.62243,0.64273,-0.58058,0.49982,-0.73964,-0.30031,0.60229,0.55484,-0.64046,-0.531,0.35268,-0.397,0.84735,-0.7535,-0.65742,0.0056029
-0.35408,-0.85846,-0.37104,0.81639,-0.090194,-0.57041,0.45621,-0.50488,0.73278,0.5876,-0.69583,-0.41297,0.24508,-0.33335,0.91039,-0.77114,-0.63616,-0.025342,-0.1993,-0.75702,-0.62226,0.6429,-0.58024,0.49999,-0.73957,-0.3004,0.60233,0.55494,-0.64044,-0.53092,0.35279,-0.3968,0.8474,-0.75338,-0.65756,0.0057417
-0.35402,-0.85851,-0.37098,0.8164,-0.090173,-0.5704,0.45624,-0.5048,0.73281,0.58767,-0.69589,-0.41278,0.24505,-0.33313,0.91048,-0.7711,-0.63621,-0.025245,-0.19903,-0.75728,-0.62203,0.64307,-0.57988,0.50021,-0.7395,-0.30045,0.60239,0.55501,-0.64052,-0.53076,0.35286,-0.39653,0.8475,-0.7533,-0.65765,0.0059363
-0.35388,-0.85864,-0.37083,0.81637,-0.090087,-0.57046,0.45641,-0.5046,0.73285,0.58772,-0.69599,-0.41254,0.24506,-0.33282,0.91059,-0.77106,-0.63627,-0.025046,-0.19868,-0.75764,-0.6217,0.64333,-0.57937,0.50046,-0.73936,-0.30052,0.60252,0.55514,-0.64054,-0.53059,0.35301,-0.39616,0.84761,-0.75313,-0.65784,0.0061926
-0.35387,-0.85867,-0.37075,0.81631,-0.090066,-0.57055,0.45652,-0.50455,0.73281,0.58765,-0.69617,-0.41232,0.24495,-0.33262,0.9107,-0.77115,-0.63617,-0.024937,-0.19842,-0.75788,-0.62149,0.64356,-0.579,0.50059,-0.73923,-0.30064,0.60262,0.55521,-0.64055,-0.5305,0.35317,-0.39591,0.84766,-0.753,-0.65799,0.0064084
-0.35379,-0.8587,-0.37076,0.81626,-0.089918,-0.57064,0.45667,-0.50453,0.73274,0.58764,-0.69638,-0.41199,0.2447,-0.33239,0.91085,-0.77123,-0.63606,-0.024924,-0.19802,-0.75809,-0.62136,0.64383,-0.57859,0.50073,-0.7391,-0.30089,0.60265,0.55535,-0.64045,-0.53048,0.3534,-0.39569,0.84767,-0.75279,-0.65822,0.0065903
-0.35375,-0.85862,-0.37098,0.81623,-0.089695,-0.57072,0.45676,-0.5047,0.73257,0.58766,-0.69663,-0.41154,0.24447,-0.33199,0.91105,-0.77129,-0.636,-0.024795,-0.19752,-0.75818,-0.6214,0.6441,-0.57824,0.50078,-0.739,-0.30133,0.60256,0.55548,-0.64025,-0.53058,0.35357,-0.39566,0.84761,-0.75261,-0.65843,0.0065954
-0.3536,-0.8585,-0.37142,0.81633,-0.089345,-0.57064,0.45671,-0.50498,0.7324,0.58788,-0.69681,-0.41093,0.24423,-0.33139,0.91133,-0.7712,-0.63611,-0.024633,-0.19692,-0.75831,-0.62144,0.64428,-0.57786,0.50098,-0.739,-0.30173,0.60236,0.55569,-0.64008,-0.53058,0.35357,-0.39565,0.84761,-0.75246,-0.65861,0.0064556
-0.35334,-0.85842,-0.37183,0.81643,-0.08892,-0.57056,0.45672,-0.50518,0.73226,0.5882,-0.69699,-0.41014,0.24403,-0.33054,0.9117,-0.77102,-0.63635,-0.02434,-0.19599,-0.75859,-0.6214,0.64452,-0.57723,0.50139,-0.73904,-0.30224,0.60206,0.556,-0.63988,-0.53049,0.35347,-0.39561,0.84767,-0.75228,-0.65882,0.0062195
-0.3529,-0.85826,-0.37262,0.81666,-0.088167,-0.57035,0.45666,-0.50558,0.73202,0.58865,-0.69707,-0.40937,0.24377,-0.32977,0.91205,-0.77075,-0.63667,-0.024194,-0.19486,-0.75886,-0.62142,0.64482,-0.57652,0.50183,-0.73907,-0.30292,0.60167,0.55632,-0.63959,-0.5305,0.35338,-0.39571,0.84766,-0.75208,-0.65905,0.0058787
-0.35243,-0.85802,-0.37364,0.81679,-0.087136,-0.57032,0.45679,-0.50618,0.73153,0.58926,-0.69698,-0.40866,0.2437,-0.32892,0.91237,-0.77032,-0.63721,-0.023963,-0.19362,-0.75917,-0.62143,0.64538,-0.57563,0.50214,-0.73892,-0.30383,0.6014,0.5566,-0.63912,-0.53078,0.35356,-0.39592,0.84749,-0.7518,-0.65937,0.0055977
-0.352,-0.85756,-0.37508,0.81689,-0.085837,-0.57037,0.45693,-0.50716,0.73075,0.59011,-0.69665,-0.40799,0.24379,-0.328,0.91268,-0.76964,-0.63804,-0.023718,-0.19213,-0.75938,-0.62164,0.64603,-0.5747,0.50236,-0.73874,-0.30508,0.601,0.55693,-0.63846,-0.53123,0.35379,-0.3963,0.84721,-0.75144,-0.65978,0.0051715
-0.35169,-0.85691,-0.37686,0.81686,-0.084289,-0.57064,0.45722,-0.50853,0.72962,0.59105,-0.69603,-0.40769,0.24419,-0.32732,0.91282,-0.76879,-0.63907,-0.023502,-0.19045,-0.7595,-0.622,0.64697,-0.57364,0.50236,-0.73835,-0.30674,0.60063,0.55718,-0.63752,-0.53209,0.3544,-0.39692,0.84667,-0.75097,-0.66032,0.0047749
-0.35135,-0.85609,-0.37902,0.81675,-0.082364,-0.57108,0.45768,-0.51022,0.72816,0.59204,-0.69517,-0.40771,0.24464,-0.32701,0.91281,-0.76788,-0.64016,-0.023535,-0.18844,-0.75962,-0.62247,0.64824,-0.57234,0.50221,-0.73775,-0.30887,0.60026,0.55746,-0.63625,-0.53331,0.35541,-0.39765,0.84591,-0.75028,-0.6611,0.0044571
-0.35096,-0.85499,-0.38187,0.81662,-0.079909,-0.57161,0.45821,-0.51246,0.72625,0.59296,-0.69421,-0.40801,0.24535,-0.32685,0.91267,-0.76695,-0.64128,-0.023479,-0.18598,-0.7597,-0.62312,0.64978,-0.5708,0.50197,-0.73702,-0.31154,0.59979,0.55781,-0.63463,-0.53487,0.35676,-0.39852,0.84493,-0.74938,-0.66213,0.0041122
-0.35044,-0.85364,-0.38535,0.81665,-0.07706,-0.57196,0.45855,-0.51514,0.72413,0.59382,-0.69329,-0.40831,0.24612,-0.32663,0.91255,-0.76603,-0.64239,-0.023326,-0.1829,-0.75977,-0.62394,0.65143,-0.56898,0.50189,-0.73633,-0.31466,0.59901,0.55837,-0.63265,-0.53663,0.35825,-0.39955,0.84381,-0.74825,-0.66341,0.0035532
-0.34986,-0.8521,-0.38926,0.81678,-0.073973,-0.57218,0.45876,-0.51813,0.72186,0.59471,-0.69229,-0.40873,0.24677,-0.32666,0.91236,-0.76513,-0.64345,-0.023428,-0.17914,-0.76,-0.62475,0.65331,-0.56669,0.50205,-0.73559,-0.31822,0.59803,0.55903,-0.63054,-0.53842,0.35977,-0.40059,0.84267,-0.74702,-0.66479,0.0029083
-0.34935,-0.85018,-0.39389,0.817,-0.070564,-0.57231,0.45877,-0.52174,0.71925,0.59557,-0.69115,-0.4094,0.2473,-0.32715,0.91204,-0.76429,-0.64443,-0.023917,-0.17482,-0.76007,-0.62589,0.65525,-0.56428,0.50223,-0.73491,-0.32232,0.59668,0.55956,-0.62861,-0.54014,0.35972,-0.40293,0.84158,-0.74666,-0.66521,0.00066077
-0.34871,-0.84803,-0.39906,0.81736,-0.066811,-0.57224,0.45862,-0.52572,0.71644,0.5964,-0.69,-0.41013,0.24791,-0.32763,0.9117,-0.76345,-0.64541,-0.024339,-0.1699,-0.7601,-0.6272,0.65728,-0.56161,0.50257,-0.73425,-0.32686,0.59502,0.55986,-0.62652,-0.54224,0.35993,-0.40556,0.84022,-0.74633,-0.66558,-0.0015491
-0.34813,-0.84552,-0.40484,0.81794,-0.06297,-0.57185,0.45802,-0.53021,0.71351,0.59733,-0.68888,-0.41065,0.24825,-0.32807,0.91145,-0.76261,-0.64638,-0.024949,-0.16431,-0.76002,-0.62879,0.65923,-0.5588,0.50315,-0.73377,-0.33184,0.59285,0.56054,-0.62406,-0.54438,0.36005,-0.40832,0.83883,-0.74576,-0.6662,-0.0041834
-0.34749,-0.84284,-0.41093,0.81861,-0.058956,-0.57131,0.4573,-0.53492,0.71045,0.59832,-0.68783,-0.41098,0.24839,-0.32843,0.91128,-0.76179,-0.64732,-0.025658,-0.15807,-0.75999,-0.63041,0.66136,-0.55557,0.50393,-0.73322,-0.33727,0.59045,0.56162,-0.62121,-0.54651,0.35999,-0.41126,0.83742,-0.74497,-0.66705,-0.0073453
-0.34668,-0.83986,-0.41767,0.81955,-0.054627,-0.5704,0.45624,-0.54005,0.70725,0.59936,-0.68683,-0.41114,0.24806,-0.32897,0.91118,-0.76108,-0.64811,-0.026802,-0.15108,-0.75996,-0.63216,0.6634,-0.55205,0.50512,-0.73286,-0.34306,0.58756,0.56311,-0.61801,-0.54861,0.35961,-0.41446,0.836,-0.74404,-0.66805,-0.01114
-0.34577,-0.83655,-0.425,0.8206,-0.049937,-0.56932,0.45504,-0.54561,0.70374,0.60043,-0.68586,-0.4112,0.24743,-0.32964,0.91111,-0.76044,-0.6488,-0.028225,-0.14337,-0.75987,-0.63406,0.66546,-0.54824,0.50655,-0.73253,-0.34932,0.58427,0.56485,-0.61454,-0.55071,0.35887,-0.41802,0.83455,-0.74307,-0.66903,-0.015576
-0.34485,-0.83303,-0.4326,0.82163,-0.045036,-0.56824,0.45388,-0.55139,0.69997,0.60141,-0.68505,-0.41112,0.24675,-0.33015,0.9111,-0.75988,-0.64939,-0.029519,-0.1353,-0.75981,-0.63591,0.6678,-0.54406,0.50798,-0.73194,-0.35594,0.58101,0.56661,-0.6109,-0.55295,0.35838,-0.42156,0.83298,-0.74197,-0.67014,-0.019925
-0.34403,-0.82913,-0.44067,0.82259,-0.039836,-0.56724,0.45276,-0.55764,0.69573,0.60233,-0.68424,-0.41112,0.24602,-0.33083,0.91106,-0.75939,-0.6499,-0.030929,-0.12685,-0.75965,-0.63784,0.67039,-0.5396,0.50932,-0.73108,-0.363,0.57771,0.56861,-0.60675,-0.55546,0.35811,-0.42532,0.83118,-0.74057,-0.67153,-0.024562
-0.34321,-0.82481,-0.44932,0.82349,-0.034167,-0.5663,0.45174,-0.56438,0.69095,0.60315,-0.68329,-0.41148,0.24539,-0.3319,0.91084,-0.75894,-0.65035,-0.032516,-0.11795,-0.75923,-0.64004,0.67323,-0.53494,0.51049,-0.72996,-0.37069,0.57423,0.57079,-0.602,-0.55839,0.35823,-0.42934,0.82906,-0.73883,-0.67325,-0.029411
-0.34246,-0.82006,-0.45851,0.82443,-0.028239,-0.56526,0.4506,-0.57158,0.68575,0.60397,-0.68211,-0.41225,0.24473,-0.33354,0.91042,-0.7585,-0.65076,-0.034513,-0.10868,-0.75849,-0.64256,0.6761,-0.53026,0.51158,-0.72875,-0.37883,0.57044,0.57313,-0.59682,-0.56155,0.35843,-0.43366,0.82672,-0.73692,-0.67509,-0.034628
-0.34186,-0.81494,-0.46798,0.82534,-0.022232,-0.56419,0.44938,-0.57912,0.6802,0.6049,-0.68088,-0.41292,0.24391,-0.3352,0.91003,-0.75803,-0.65119,-0.036689,-0.099049,-0.7576,-0.64516,0.67907,-0.52538,0.51268,-0.72736,-0.38733,0.5665,0.57546,-0.59149,-0.56479,0.35881,-0.43799,0.82427,-0.73492,-0.67699,-0.039811
-0.34131,-0.80942,-0.47785,0.82629,-0.016042,-0.56302,0.44805,-0.58701,0.67429,0.60592,-0.67951,-0.41367,0.24277,-0.33726,0.90957,-0.75758,-0.65156,-0.039389,-0.089075,-0.75647,-0.64793,0.68206,-0.52039,0.5138,-0.72585,-0.39616,0.56231,0.57789,-0.58584,-0.56818,0.35912,-0.44264,0.82165,-0.73285,-0.67887,-0.045409
-0.34095,-0.80354,-0.48792,0.82728,-0.0099432,-0.5617,0.4465,-0.59516,0.66815,0.60721,-0.67778,-0.41463,0.24175,-0.3395,0.90901,-0.75687,-0.65219,-0.042299,-0.078904,-0.75508,-0.65086,0.68495,-0.51544,0.51494,-0.72431,-0.40518,0.55786,0.58034,-0.58004,-0.57163,0.35924,-0.44761,0.8189,-0.73086,-0.68059,-0.051391
-0.34062,-0.79746,-0.49803,0.82833,-0.0039352,-0.56022,0.44479,-0.60336,0.66191,0.60881,-0.67584,-0.41544,0.24072,-0.3416,0.90849,-0.75591,-0.6531,-0.045284,-0.068449,-0.75354,-0.65383,0.6877,-0.51043,0.51627,-0.72277,-0.4143,0.55314,0.58312,-0.57401,-0.57488,0.35912,-0.45261,0.8162,-0.7287,-0.68239,-0.057792
-0.34048,-0.791,-0.50832,0.82944,0.001946,-0.55859,0.44284,-0.61181,0.65542,0.6106,-0.67391,-0.41594,0.23932,-0.34364,0.9081,-0.75491,-0.65403,-0.048549,-0.057789,-0.75165,-0.65702,0.69029,-0.50553,0.51763,-0.72122,-0.42362,0.54807,0.58625,-0.5676,-0.57805,0.35851,-0.45809,0.8134,-0.72649,-0.68409,-0.065067
-0.34043,-0.78425,-0.51871,0.83056,0.0077854,-0.55687,0.44076,-0.6204,0.64872,0.61255,-0.67185,-0.41642,0.23779,-0.34579,0.90768,-0.75382,-0.65502,-0.052057,-0.046905,-0.74949,-0.66035,0.69277,-0.50066,0.51905,-0.71963,-0.43312,0.54271,0.58972,-0.56085,-0.58111,0.35811,-0.46333,0.8106,-0.72387,-0.68613,-0.07239
-0.3404,-0.77723,-0.52919,0.83182,0.013486,-0.55488,0.43841,-0.62907,0.64193,0.61473,-0.66965,-0.41674,0.23615,-0.34786,0.90732,-0.75255,-0.65617,-0.055699,-0.035755,-0.74707,-0.66378,0.69501,-0.49587,0.52065,-0.71811,-0.44272,0.53695,0.59359,-0.55388,-0.58384,0.35714,-0.46882,0.80787,-0.72118,-0.68806,-0.080468
-0.34044,-0.77005,-0.53956,0.83311,0.019004,-0.55278,0.43592,-0.6377,0.63507,0.61721,-0.66727,-0.41689,0.23436,-0.34989,0.907,-0.75108,-0.65751,-0.059572,-0.024478,-0.74446,-0.66721,0.69716,-0.49106,0.52233,-0.7165,-0.45237,0.53103,0.59762,-0.54684,-0.58636,0.35587,-0.47443,0.80515,-0.71847,-0.68985,-0.088925
-0.34053,-0.76263,-0.54994,0.83434,0.02457,-0.5507,0.4335,-0.64637,0.62793,0.61991,-0.66458,-0.41718,0.23247,-0.35224,0.90658,-0.74944,-0.65898,-0.06386,-0.01318,-0.74161,-0.6707,0.69932,-0.48626,0.52393,-0.71469,-0.46213,0.52503,0.6017,-0.53954,-0.58894,0.35461,-0.48025,0.80225,-0.71569,-0.69156,-0.097644
-0.34077,-0.75494,-0.5603,0.83548,0.030096,-0.54869,0.43109,-0.6551,0.62049,0.62273,-0.6615,-0.41788,0.23077,-0.35504,0.90592,-0.74763,-0.66058,-0.068437,-0.001895,-0.73855,-0.67419,0.70158,-0.48141,0.52539,-0.71259,-0.47201,0.51907,0.60625,-0.53174,-0.59137,0.35345,-0.48598,0.79931,-0.71242,-0.6936,-0.10668
-0.34099,-0.74702,-0.5707,0.83665,0.035666,-0.54658,0.42866,-0.66385,0.61283,0.62547,-0.65833,-0.41879,0.2291,-0.35812,0.90513,-0.74586,-0.66208,-0.073173,0.0094892,-0.73534,-0.67764,0.70371,-0.47654,0.52697,-0.71043,-0.48186,0.51294,0.61099,-0.52368,-0.59368,0.35205,-0.49195,0.79627,-0.70905,-0.69551,-0.11621
-0.34126,-0.73883,-0.58109,0.83784,0.041145,-0.54436,0.4261,-0.67263,0.60498,0.62823,-0.65505,-0.41981,0.22797,-0.36091,0.90431,-0.74388,-0.66381,-0.077406,0.020919,-0.73196,-0.68103,0.70581,-0.47163,0.52858,-0.70809,-0.49174,0.50676,0.61599,-0.51516,-0.59595,0.35101,-0.49778,0.7931,-0.70523,-0.69773,-0.1258
-0.34124,-0.7305,-0.59154,0.83918,0.046765,-0.54184,0.42348,-0.68131,0.59706,0.63098,-0.65193,-0.42054,0.22668,-0.36349,0.9036,-0.74194,-0.66548,-0.081578,0.032561,-0.72845,-0.68433,0.70772,-0.46667,0.53043,-0.70574,-0.50158,0.50034,0.62147,-0.50612,-0.59801,0.3506,-0.50295,0.79001,-0.70061,-0.70063,-0.13512
-0.34105,-0.7221,-0.60188,0.84069,0.0522,-0.539,0.42063,-0.68982,0.58926,0.63393,-0.64877,-0.42099,0.2248,-0.36626,0.90295,-0.74,-0.66704,-0.086338,0.044379,-0.7249,-0.68743,0.70932,-0.46169,0.53265,-0.70349,-0.51124,0.49369,0.62674,-0.49748,-0.59976,0.3496,-0.50836,0.78699,-0.6964,-0.70291,-0.14469
-0.3407,-0.71364,-0.61208,0.84229,0.057564,-0.53595,0.41771,-0.69814,0.58148,0.63724,-0.64528,-0.42134,0.22254,-0.36936,0.90225,-0.73783,-0.66872,-0.091772,0.056046,-0.72121,-0.69045,0.71118,-0.45654,0.5346,-0.70077,-0.521,0.48732,0.63159,-0.48927,-0.60142,0.34881,-0.51345,0.78403,-0.6924,-0.70496,-0.15363
-0.34023,-0.70496,-0.62231,0.84382,0.063169,-0.5329,0.41498,-0.70643,0.57337,0.64081,-0.6417,-0.42141,0.22031,-0.37212,0.90166,-0.73541,-0.67063,-0.097085,0.067713,-0.71727,-0.6935,0.71309,-0.45135,0.53645,-0.69779,-0.53085,0.48092,0.63629,-0.48096,-0.60317,0.34825,-0.51858,0.78089,-0.68837,-0.70693,-0.16247
-0.33974,-0.69619,-0.63237,0.84526,0.068831,-0.5299,0.41244,-0.71455,0.56508,0.64464,-0.63804,-0.42112,0.21814,-0.37443,0.90123,-0.7327,-0.67283,-0.10219,0.079628,-0.71333,-0.69629,0.71471,-0.44606,0.53871,-0.69487,-0.54055,0.47431,0.64104,-0.47242,-0.60488,0.34802,-0.52352,0.7777,-0.68407,-0.70905,-0.17118
-0.33928,-0.68746,-0.64209,0.84654,0.07451,-0.52709,0.4102,-0.72239,0.55668,0.64892,-0.63377,-0.421,0.21595,-0.37715,0.90062,-0.72957,-0.67534,-0.10788,0.09137,-0.70938,-0.69888,0.71644,-0.44062,0.5409,-0.69164,-0.55013,0.46797,0.64576,-0.46382,-0.60652,0.34834,-0.52791,0.77458,-0.67945,-0.71147,-0.17934
-0.33885,-0.67857,-0.65171,0.84783,0.080067,-0.52418,0.40788,-0.73016,0.54818,0.6534,-0.62941,-0.42061,0.21323,-0.38009,0.90003,-0.72636,-0.67777,-0.11414,0.10305,-0.70534,-0.70134,0.71808,-0.43516,0.54314,-0.68829,-0.55959,0.46164,0.65069,-0.45503,-0.60791,0.34865,-0.53217,0.77151,-0.67457,-0.71396,-0.18763
-0.33841,-0.66957,-0.66118,0.8491,0.08557,-0.52126,0.40559,-0.73781,0.53957,0.65813,-0.62493,-0.41991,0.21012,-0.38311,0.89949,-0.72299,-0.68021,-0.12083,0.11468,-0.70122,-0.70366,0.71968,-0.42962,0.54542,-0.68477,-0.56896,0.45539,0.6557,-0.44611,-0.60913,0.34904,-0.53628,0.76849,-0.6695,-0.71651,-0.19593
-0.33808,-0.66044,-0.67047,0.85028,0.091006,-0.5184,0.40339,-0.74535,0.53079,0.66294,-0.62023,-0.41932,0.20687,-0.38652,0.89878,-0.71953,-0.68258,-0.12793,0.12618,-0.69697,-0.70592,0.7213,-0.42407,0.54762,-0.68103,-0.57828,0.44921,0.66074,-0.43713,-0.6102,0.34954,-0.54023,0.76549,-0.66426,-0.71908,-0.20415
-0.33774,-0.65104,-0.67976,0.85156,0.096306,-0.51533,0.40097,-0.75291,0.52188,0.66803,-0.61525,-0.41858,0.20323,-0.39027,0.89799,-0.71584,-0.68496,-0.13567,0.13766,-0.69249,-0.70817,0.72274,-0.41866,0.54988,-0.67727,-0.58752,0.44285,0.66573,-0.42807,-0.6112,0.34992,-0.54435,0.76239,-0.65906,-0.72141,-0.2126
-0.33739,-0.64158,-0.68887,0.85284,0.10148,-0.51221,0.39853,-0.76032,0.51293,0.67343,-0.61016,-0.41738,0.19913,-0.39401,0.89728,-0.71193,-0.68736,-0.14384,0.14905,-0.6879,-0.71033,0.72414,-0.41324,0.55214,-0.67336,-0.59667,0.43654,0.67073,-0.41898,-0.61202,0.3501,-0.54861,0.75925,-0.65388,-0.72352,-0.22129
-0.33697,-0.63198,-0.69789,0.85424,0.10645,-0.50887,0.39589,-0.76764,0.50399,0.67878,-0.60499,-0.41622,0.19476,-0.39819,0.89639,-0.70805,-0.68951,-0.15245,0.16043,-0.68322,-0.71237,0.72532,-0.4079,0.55456,-0.66946,-0.60566,0.43011,0.67554,-0.41007,-0.61277,0.35051,-0.55256,0.75619,-0.64869,-0.72561,-0.22954
-0.33649,-0.62221,-0.70684,0.85573,0.11127,-0.50531,0.39307,-0.7749,0.495,0.68415,-0.59973,-0.41504,0.19045,-0.40242,0.89543,-0.70404,-0.69165,-0.1611,0.17185,-0.67842,-0.71429,0.72626,-0.40265,0.55716,-0.6656,-0.61451,0.42351,0.68034,-0.4013,-0.61327,0.35042,-0.55681,0.75311,-0.64369,-0.72727,-0.23819
-0.3359,-0.6125,-0.71555,0.85726,0.11594,-0.50167,0.39023,-0.78192,0.48613,0.68929,-0.5946,-0.41391,0.18665,-0.40629,0.89448,-0.70003,-0.69381,-0.16907,0.18308,-0.67366,-0.716,0.72704,-0.39746,0.55986,-0.66173,-0.62306,0.41701,0.68501,-0.39269,-0.61364,0.35055,-0.56072,0.75014,-0.63866,-0.72896,-0.24644
-0.33519,-0.60284,-0.72404,0.85884,0.12044,-0.49787,0.38735,-0.78872,0.47738,0.69446,-0.58942,-0.41268,0.18314,-0.40985,0.89358,-0.69583,-0.69614,-0.17668,0.19418,-0.66898,-0.71747,0.72768,-0.39226,0.56269,-0.65786,-0.63135,0.41063,0.68992,-0.38418,-0.61353,0.34984,-0.56505,0.74722,-0.63373,-0.73016,-0.25544
-0.33442,-0.59322,-0.73229,0.86048,0.1247,-0.49398,0.38436,-0.79532,0.46875,0.69958,-0.58407,-0.41164,0.18028,-0.41317,0.89263,-0.69144,-0.69867,-0.18375,0.20514,-0.66425,-0.71881,0.72815,-0.38717,0.56559,-0.65399,-0.63943,0.40426,0.69467,-0.3758,-0.61336,0.34917,-0.56932,0.74428,-0.6289,-0.73119,-0.26427
-0.33367,-0.58351,-0.7404,0.86217,0.12872,-0.48999,0.38122,-0.80184,0.46013,0.70467,-0.57876,-0.41045,0.1773,-0.41649,0.89168,-0.68702,-0.70112,-0.19087,0.21599,-0.65939,-0.72011,0.72843,-0.38229,0.56854,-0.65018,-0.64735,0.39775,0.69922,-0.36769,-0.6131,0.34858,-0.57339,0.74143,-0.62416,-0.73214,-0.27276
-0.33306,-0.57368,-0.7483,0.86383,0.13248,-0.48605,0.37798,-0.80829,0.45144,0.70987,-0.5733,-0.40916,0.17406,-0.42011,0.89062,-0.68249,-0.70345,-0.19843,0.22668,-0.6543,-0.72146,0.72851,-0.37774,0.57148,-0.64645,-0.65513,0.39104,0.70396,-0.35939,-0.6126,0.34745,-0.57801,0.73836,-0.61945,-0.73263,-0.28203
-0.33237,-0.56401,-0.75593,0.86561,0.13584,-0.48195,0.37451,-0.81452,0.44306,0.71507,-0.5679,-0.40763,0.17073,-0.42359,0.88962,-0.67788,-0.70574,-0.20594,0.23732,-0.64918,-0.72267,0.72833,-0.37337,0.57457,-0.64282,-0.6627,0.38421,0.70877,-0.35126,-0.61177,0.34594,-0.58272,0.73537,-0.61479,-0.73284,-0.2915
-0.33163,-0.55442,-0.76331,0.8675,0.13876,-0.47769,0.37076,-0.82059,0.43494,0.7201,-0.56269,-0.406,0.16714,-0.42723,0.88856,-0.67344,-0.70771,-0.2136,0.2479,-0.644,-0.72375,0.72793,-0.36914,0.5778,-0.63927,-0.67008,0.37727,0.71336,-0.34365,-0.61076,0.34417,-0.58739,0.73248,-0.61047,-0.73272,-0.30074
-0.33097,-0.54476,-0.77052,0.86939,0.14144,-0.47345,0.3669,-0.82658,0.4268,0.7248,-0.55766,-0.40457,0.16342,-0.43131,0.88728,-0.6693,-0.70922,-0.22148,0.25831,-0.63866,-0.72484,0.72739,-0.36518,0.58099,-0.63575,-0.67731,0.37023,0.71788,-0.33619,-0.60961,0.34219,-0.59218,0.72954,-0.60626,-0.73233,-0.31007
-0.33028,-0.535,-0.77762,0.87136,0.14387,-0.46908,0.36283,-0.83251,0.41866,0.72922,-0.55294,-0.40311,0.15925,-0.43579,0.88585,-0.66549,-0.71017,-0.22973,0.2686,-0.63312,-0.72596,0.7266,-0.36161,0.5842,-0.63238,-0.6844,0.36289,0.72237,-0.32893,-0.60826,0.33933,-0.59782,0.72627,-0.60253,-0.73103,-0.32023
-0.32951,-0.5253,-0.78453,0.87345,0.14591,-0.46455,0.3585,-0.83831,0.41075,0.7334,-0.54835,-0.40178,0.15517,-0.44039,0.88429,-0.66185,-0.71089,-0.2379,0.27872,-0.62763,-0.72691,0.72552,-0.35832,0.58757,-0.62924,-0.69115,0.35549,0.7262,-0.32244,-0.60718,0.33738,-0.60239,0.7234,-0.59901,-0.73018,-0.32867
-0.32848,-0.5158,-0.79124,0.87572,0.14754,-0.45973,0.35386,-0.84391,0.40323,0.73754,-0.54381,-0.40038,0.15133,-0.44472,0.88279,-0.65813,-0.71168,-0.24571,0.28888,-0.62213,-0.72767,0.72403,-0.35532,0.59121,-0.62636,-0.69764,0.3478,0.72981,-0.31666,-0.6059,0.33524,-0.60663,0.72084,-0.59581,-0.7292,-0.33657
-0.32744,-0.50644,-0.79769,0.87808,0.14869,-0.45483,0.34895,-0.84936,0.39601,0.74141,-0.5396,-0.39893,0.14739,-0.44902,0.88128,-0.65467,-0.71219,-0.25337,0.29881,-0.61669,-0.72829,0.72227,-0.35264,0.59495,-0.62373,-0.7038,0.34004,0.73379,-0.31071,-0.60417,0.33277,-0.61093,0.71835,-0.5923,-0.72816,-0.3449
-0.32639,-0.49707,-0.80398,0.88055,0.14933,-0.4498,0.34365,-0.85476,0.38896,0.74552,-0.53513,-0.39728,0.14363,-0.45308,0.87982,-0.65083,-0.71298,-0.26092,0.30869,-0.61118,-0.72881,0.72019,-0.35033,0.59883,-0.62132,-0.70973,0.33202,0.73788,-0.3049,-0.60214,0.32988,-0.61541,0.71585,-0.58883,-0.72685,-0.35352
-0.32532,-0.48771,-0.81013,0.88305,0.14974,-0.44475,0.33821,-0.86007,0.38196,0.74949,-0.53107,-0.39525,0.13993,-0.45646,0.87867,-0.64705,-0.71386,-0.26781,0.31847,-0.60557,-0.72929,0.71794,-0.34828,0.60271,-0.61898,-0.71553,0.32384,0.74194,-0.29903,-0.60009,0.32787,-0.6189,0.71377,-0.58483,-0.72633,-0.36114
-0.32442,-0.47823,-0.81612,0.8855,0.14986,-0.43982,0.33264,-0.86535,0.37485,0.75338,-0.52695,-0.39338,0.13632,-0.46007,0.87736,-0.64331,-0.7146,-0.27477,0.32786,-0.59975,-0.72994,0.71575,-0.3466,0.60627,-0.61661,-0.72123,0.31564,0.74606,-0.29298,-0.59796,0.32532,-0.62316,0.71122,-0.581,-0.72514,-0.36961
-0.32378,-0.46899,-0.82171,0.88782,0.14959,-0.43521,0.32703,-0.87044,0.36794,0.75698,-0.52301,-0.39171,0.13271,-0.46391,0.87589,-0.63982,-0.71502,-0.28176,0.33694,-0.59387,-0.73061,0.71364,-0.34509,0.60962,-0.61416,-0.7268,0.30754,0.75053,-0.28672,-0.59539,0.32196,-0.62815,0.70835,-0.57709,-0.72334,-0.37914
-0.32321,-0.45989,-0.82707,0.89009,0.14905,-0.43072,0.32135,-0.87538,0.36117,0.76026,-0.5195,-0.39003,0.12902,-0.46769,0.87442,-0.63668,-0.71511,-0.28854,0.34588,-0.58809,-0.73111,0.71134,-0.34376,0.61304,-0.61185,-0.7321,0.29944,0.75473,-0.28069,-0.59295,0.31923,-0.63248,0.70573,-0.57313,-0.72192,-0.38775
-0.32269,-0.45106,-0.83212,0.89224,0.14844,-0.42646,0.31588,-0.88006,0.35456,0.76331,-0.51611,-0.38858,0.12544,-0.47163,0.87283,-0.63374,-0.71498,-0.29526,0.35453,-0.58237,-0.73154,0.70907,-0.34255,0.61634,-0.60953,-0.73723,0.2915,0.75874,-0.27517,-0.59042,0.31544,-0.63782,0.70262,-0.56992,-0.71935,-0.39714
-0.32233,-0.44232,-0.83693,0.89424,0.14775,-0.42249,0.31053,-0.8846,0.34792,0.76608,-0.51305,-0.38718,0.12172,-0.47567,0.87116,-0.63112,-0.7145,-0.30195,0.36279,-0.5766,-0.73206,0.70687,-0.34163,0.61938,-0.60723,-0.74218,0.28364,0.76204,-0.27027,-0.58842,0.31182,-0.64325,0.69928,-0.5675,-0.71637,-0.40591
-0.32212,-0.43375,-0.84148,0.89614,0.14689,-0.41876,0.30524,-0.88898,0.34139,0.76861,-0.51033,-0.38574,0.11788,-0.47968,0.86949,-0.62876,-0.71377,-0.30853,0.37066,-0.5708,-0.73267,0.70469,-0.34102,0.62219,-0.605,-0.74692,0.27583,0.76496,-0.26605,-0.58656,0.30786,-0.6489,0.69581,-0.56574,-0.71284,-0.41448
-0.32206,-0.42537,-0.84578,0.89791,0.1459,-0.41529,0.30005,-0.89318,0.33495,0.77111,-0.50771,-0.38421,0.11391,-0.4837,0.86779,-0.62643,-0.71293,-0.31515,0.3782,-0.56506,-0.73326,0.70263,-0.3405,0.6248,-0.60273,-0.7515,0.26825,0.76741,-0.26218,-0.5851,0.30454,-0.654,0.69248,-0.56421,-0.70961,-0.42204
-0.32218,-0.41702,-0.84988,0.89955,0.14486,-0.41209,0.29496,-0.89728,0.32846,0.77357,-0.5051,-0.3827,0.11005,-0.48765,0.86607,-0.62408,-0.71209,-0.32165,0.3854,-0.55925,-0.73396,0.70074,-0.34013,0.62712,-0.60036,-0.75601,0.2608,0.7699,-0.2582,-0.5836,0.30201,-0.65819,0.68962,-0.56218,-0.70719,-0.42876
-0.32254,-0.4087,-0.85378,0.90111,0.14356,-0.40914,0.28978,-0.90131,0.32198,0.7759,-0.50228,-0.3817,0.10654,-0.49202,0.86404,-0.6218,-0.71108,-0.32824,0.39231,-0.55335,-0.73477,0.69893,-0.33998,0.62921,-0.59799,-0.7604,0.25338,0.77293,-0.2537,-0.58156,0.29847,-0.66344,0.68612,-0.5599,-0.7039,-0.43707
-0.32308,-0.40034,-0.85752,0.90264,0.14191,-0.40633,0.28436,-0.90531,0.31551,0.77829,-0.4995,-0.38048,0.103,-0.49618,0.86209,-0.6194,-0.71014,-0.33473,0.39898,-0.54738,-0.73566,0.69707,-0.34018,0.63117,-0.59574,-0.76463,0.24584,0.77589,-0.2492,-0.57956,0.29514,-0.66855,0.68259,-0.55757,-0.70067,-0.44517
-0.32364,-0.39201,-0.86115,0.90419,0.13999,-0.40354,0.27875,-0.90925,0.30915,0.78071,-0.49682,-0.37903,0.099477,-0.50001,0.86028,-0.61693,-0.70934,-0.34094,0.40557,-0.54144,-0.73645,0.69503,-0.34062,0.63318,-0.59368,-0.76865,0.23817,0.77844,-0.24524,-0.57783,0.29227,-0.67305,0.67939,-0.55552,-0.69775,-0.45226
-0.32412,-0.38392,-0.86461,0.90574,0.13789,-0.40077,0.27309,-0.91301,0.30304,0.7833,-0.49401,-0.37735,0.095791,-0.50385,0.85846,-0.61421,-0.70858,-0.34735,0.41213,-0.5356,-0.73707,0.69291,-0.34106,0.63527,-0.59164,-0.77253,0.23056,0.78109,-0.24143,-0.57586,0.28921,-0.67748,0.6763,-0.55341,-0.69479,-0.45935
-0.32467,-0.37608,-0.86784,0.90718,0.13579,-0.39823,0.26761,-0.91658,0.29708,0.78571,-0.49133,-0.37583,0.092181,-0.50777,0.85654,-0.61169,-0.70764,-0.35367,0.41843,-0.52968,-0.7378,0.6909,-0.34167,0.63712,-0.58955,-0.77634,0.22299,0.78336,-0.23795,-0.57422,0.28601,-0.68223,0.67288,-0.55186,-0.69133,-0.46638
