-0.24008,-0.96985,-0.041853,-0.36439,0.12999,-0.92213,0.89977,-0.20613,-0.38461,0.22849,-0.45853,-0.85881,0.82328,-0.37983,0.42183,-0.51962,-0.80342,0.29071,-0.54613,-0.79038,-0.27755,0.65111,-0.19205,-0.73428,0.52706,-0.58173,0.61951,0.65242,-0.66596,-0.36172,0.03926,-0.44695,0.8937,-0.75684,-0.59727,-0.26546
-0.2398,-0.96995,-0.041215,-0.3647,0.12935,-0.9221,0.89972,-0.20609,-0.38476,0.22842,-0.45925,-0.85843,0.82332,-0.37945,0.42208,-0.51958,-0.80318,0.29144,-0.54615,-0.79061,-0.27686,0.65092,-0.1925,-0.73433,0.52728,-0.58127,0.61976,0.65262,-0.66605,-0.3612,0.039323,-0.4463,0.89402,-0.75666,-0.59766,-0.26507
-0.23949,-0.97004,-0.040746,-0.36504,0.12885,-0.92203,0.89966,-0.20594,-0.38497,0.2283,-0.45974,-0.85821,0.82342,-0.37916,0.42216,-0.51948,-0.80304,0.29199,-0.54615,-0.79082,-0.27626,0.65072,-0.19284,-0.73442,0.52752,-0.58087,0.61992,0.6528,-0.66603,-0.36091,0.039528,-0.44583,0.89424,-0.7565,-0.59803,-0.26471
-0.23929,-0.97011,-0.04034,-0.36538,0.12846,-0.92195,0.89958,-0.20587,-0.38519,0.2282,-0.46023,-0.85797,0.82351,-0.37885,0.42226,-0.51937,-0.80291,0.29255,-0.5461,-0.79101,-0.27582,0.65059,-0.19305,-0.73448,0.52773,-0.58055,0.62005,0.65289,-0.66608,-0.36065,0.039697,-0.44539,0.89446,-0.75641,-0.5983,-0.26435
-0.23903,-0.97018,-0.040083,-0.3657,0.12819,-0.92186,0.89952,-0.2057,-0.38543,0.22815,-0.46057,-0.8578,0.82368,-0.37846,0.42228,-0.51913,-0.8029,0.29301,-0.54591,-0.79126,-0.27549,0.65049,-0.19303,-0.73457,0.52806,-0.58021,0.62008,0.653,-0.6661,-0.36041,0.039858,-0.44499,0.89465,-0.7563,-0.59857,-0.26403
-0.23872,-0.97026,-0.040056,-0.36613,0.12813,-0.9217,0.89942,-0.20536,-0.38583,0.22799,-0.46076,-0.85774,0.82392,-0.37812,0.42212,-0.51883,-0.80295,0.29342,-0.54567,-0.7915,-0.27527,0.6503,-0.19278,-0.73481,0.52853,-0.57997,0.61991,0.65304,-0.66608,-0.36039,0.04017,-0.44473,0.89476,-0.75626,-0.59879,-0.26367
-0.23848,-0.97032,-0.040044,-0.36654,0.12812,-0.92154,0.89932,-0.20509,-0.38621,0.22786,-0.4609,-0.8577,0.82417,-0.37776,0.42195,-0.51848,-0.80303,0.29379,-0.54542,-0.79174,-0.27508,0.6502,-0.19257,-0.73495,0.52892,-0.57971,0.61982,0.65309,-0.66605,-0.36035,0.040435,-0.44449,0.89487,-0.7562,-0.599,-0.26336
-0.23827,-0.97038,-0.039949,-0.36684,0.12801,-0.92143,0.89925,-0.2049,-0.38648,0.22796,-0.46104,-0.8576,0.82435,-0.37734,0.42198,-0.51816,-0.80315,0.29404,-0.54509,-0.79205,-0.27484,0.65023,-0.19246,-0.73496,0.52923,-0.57932,0.61992,0.65318,-0.66608,-0.36012,0.040604,-0.4441,0.89506,-0.75611,-0.59926,-0.26303
-0.23806,-0.97043,-0.039764,-0.36714,0.12782,-0.92134,0.89918,-0.20474,-0.38672,0.22811,-0.46135,-0.85739,0.82449,-0.37686,0.42213,-0.51787,-0.8032,0.29441,-0.54474,-0.79239,-0.27454,0.65027,-0.1924,-0.73493,0.52953,-0.57887,0.62008,0.65331,-0.66617,-0.35973,0.040725,-0.44353,0.89533,-0.756,-0.59958,-0.26264
-0.23792,-0.97048,-0.039505,-0.36737,0.12756,-0.92129,0.89913,-0.20468,-0.38687,0.22823,-0.46181,-0.85712,0.82457,-0.37641,0.42237,-0.51768,-0.80315,0.29489,-0.5444,-0.79274,-0.27422,0.65037,-0.19245,-0.73483,0.52976,-0.57839,0.62034,0.6534,-0.66633,-0.35927,0.040764,-0.44293,0.89563,-0.75592,-0.59985,-0.26225
-0.23778,-0.97053,-0.039093,-0.36756,0.12716,-0.92126,0.89909,-0.20469,-0.38697,0.22834,-0.46245,-0.85674,0.82457,-0.37601,0.42273,-0.51764,-0.80296,0.29547,-0.54409,-0.7931,-0.27379,0.65047,-0.19261,-0.7347,0.52995,-0.57784,0.62069,0.6535,-0.66657,-0.35864,0.040797,-0.4421,0.89604,-0.75583,-0.60019,-0.26172
-0.23773,-0.97057,-0.038529,-0.36764,0.12662,-0.92131,0.89907,-0.20486,-0.38692,0.2286,-0.46313,-0.8563,0.82448,-0.37561,0.42326,-0.51766,-0.80276,0.29598,-0.54378,-0.79347,-0.27332,0.65067,-0.19293,-0.73444,0.53003,-0.57722,0.6212,0.65369,-0.66682,-0.35783,0.0407,-0.44117,0.8965,-0.75567,-0.60059,-0.26125
-0.23767,-0.9706,-0.037981,-0.36755,0.12606,-0.92142,0.89912,-0.20503,-0.38671,0.22895,-0.4639,-0.85579,0.82434,-0.37519,0.42391,-0.51773,-0.80252,0.29652,-0.54351,-0.79382,-0.27286,0.65091,-0.19332,-0.73413,0.53002,-0.57661,0.62177,0.65393,-0.66707,-0.35692,0.040543,-0.4402,0.89699,-0.75547,-0.60104,-0.26081
-0.23757,-0.97065,-0.037476,-0.36749,0.12552,-0.92152,0.89917,-0.20515,-0.38652,0.22924,-0.46475,-0.85525,0.82414,-0.37484,0.42459,-0.51791,-0.80219,0.29709,-0.54322,-0.79417,-0.27242,0.65114,-0.19367,-0.73383,0.53002,-0.57602,0.62232,0.65425,-0.66729,-0.35594,0.04028,-0.43923,0.89747,-0.75521,-0.6015,-0.26048
-0.23756,-0.97067,-0.037046,-0.36753,0.12512,-0.92156,0.89916,-0.20531,-0.38647,0.22947,-0.46552,-0.85477,0.82397,-0.37455,0.42519,-0.51809,-0.80187,0.29763,-0.54295,-0.79447,-0.27206,0.65138,-0.19397,-0.73354,0.53,-0.57549,0.62282,0.65452,-0.66745,-0.35512,0.040141,-0.43837,0.8979,-0.75497,-0.60195,-0.26013
-0.23747,-0.97071,-0.036589,-0.36772,0.12469,-0.92154,0.8991,-0.20538,-0.38656,0.2298,-0.46636,-0.85422,0.82379,-0.37416,0.42588,-0.51823,-0.80157,0.2982,-0.5427,-0.7948,-0.27161,0.6515,-0.19424,-0.73336,0.53011,-0.57495,0.62323,0.65483,-0.66762,-0.35424,0.039983,-0.43745,0.89836,-0.75472,-0.60243,-0.25976
-0.23732,-0.97075,-0.036281,-0.36804,0.12441,-0.92145,0.89901,-0.20533,-0.3868,0.23011,-0.46721,-0.85368,0.82355,-0.37386,0.4266,-0.51847,-0.80121,0.29874,-0.54247,-0.79507,-0.27129,0.65158,-0.19437,-0.73325,0.53025,-0.57453,0.62349,0.65509,-0.66773,-0.35355,0.039946,-0.43667,0.89873,-0.75449,-0.60288,-0.25939
-0.23714,-0.9708,-0.036104,-0.36836,0.12425,-0.92134,0.89893,-0.20519,-0.38707,0.2304,-0.46789,-0.85323,0.82339,-0.37355,0.42719,-0.5186,-0.80096,0.29918,-0.54216,-0.79536,-0.27104,0.65167,-0.19436,-0.73318,0.53046,-0.57413,0.62369,0.65537,-0.66777,-0.35295,0.039964,-0.43598,0.89907,-0.75425,-0.60332,-0.25904
-0.23696,-0.97085,-0.035934,-0.36867,0.12408,-0.92124,0.89885,-0.20505,-0.38733,0.23077,-0.46832,-0.85289,0.82333,-0.37314,0.42766,-0.51853,-0.8009,0.29948,-0.54185,-0.79563,-0.27086,0.65174,-0.19426,-0.73314,0.53069,-0.57378,0.62381,0.65566,-0.66778,-0.35238,0.039991,-0.43533,0.89938,-0.754,-0.60378,-0.25872
-0.23685,-0.97089,-0.035719,-0.36906,0.12392,-0.92111,0.89872,-0.20498,-0.38766,0.23105,-0.46861,-0.85265,0.82337,-0.37272,0.42796,-0.51834,-0.80093,0.29972,-0.54155,-0.79593,-0.2706,0.65175,-0.19419,-0.73315,0.53099,-0.5734,0.62391,0.65591,-0.6678,-0.35189,0.04009,-0.4347,0.89968,-0.75377,-0.60422,-0.25835
-0.23668,-0.97094,-0.035458,-0.36941,0.12368,-0.921,0.89862,-0.20489,-0.38795,0.23137,-0.46888,-0.85242,0.82343,-0.37225,0.42825,-0.51811,-0.80099,0.29996,-0.54126,-0.79622,-0.27031,0.65177,-0.19417,-0.73314,0.53125,-0.573,0.62405,0.65621,-0.66779,-0.35135,0.04019,-0.43403,0.9,-0.7535,-0.60471,-0.25798
-0.23654,-0.97098,-0.035254,-0.36967,0.12349,-0.92092,0.89855,-0.2048,-0.38815,0.23165,-0.46922,-0.85215,0.82345,-0.37182,0.42858,-0.51795,-0.80099,0.30025,-0.541,-0.79647,-0.27008,0.6518,-0.19414,-0.73312,0.53148,-0.57266,0.62418,0.65653,-0.6678,-0.35073,0.040171,-0.43336,0.90032,-0.75323,-0.60518,-0.25769
-0.23645,-0.97101,-0.035178,-0.36981,0.12342,-0.92087,0.89852,-0.20473,-0.38827,0.23195,-0.46955,-0.85189,0.82343,-0.37145,0.42894,-0.51784,-0.80096,0.30049,-0.54075,-0.7967,-0.26993,0.65191,-0.19412,-0.73303,0.5316,-0.57236,0.62434,0.65688,-0.66781,-0.35006,0.040123,-0.43266,0.90066,-0.75293,-0.60567,-0.25741
-0.23642,-0.97102,-0.035121,-0.36994,0.12338,-0.92083,0.89847,-0.20471,-0.38839,0.23216,-0.46998,-0.8516,0.82342,-0.37109,0.42928,-0.51777,-0.80088,0.30084,-0.54045,-0.79697,-0.26973,0.65205,-0.19412,-0.7329,0.53174,-0.57197,0.62458,0.6572,-0.66784,-0.34941,0.040098,-0.43194,0.90101,-0.75265,-0.60615,-0.25709
-0.23636,-0.97103,-0.035149,-0.37016,0.12343,-0.92073,0.8984,-0.20462,-0.38861,0.23233,-0.47036,-0.85134,0.82344,-0.37073,0.42954,-0.51766,-0.80083,0.30118,-0.54006,-0.79728,-0.2696,0.6522,-0.19399,-0.7328,0.53195,-0.57159,0.62475,0.65751,-0.66786,-0.34877,0.04006,-0.43126,0.90134,-0.75238,-0.60661,-0.2568
-0.2363,-0.97104,-0.035273,-0.37041,0.12358,-0.92061,0.89831,-0.20448,-0.38888,0.23253,-0.47062,-0.85114,0.82353,-0.3703,0.42974,-0.51743,-0.80087,0.30146,-0.53968,-0.79756,-0.26954,0.65236,-0.1938,-0.73271,0.53214,-0.57126,0.62489,0.65781,-0.66784,-0.34826,0.040058,-0.43071,0.9016,-0.75212,-0.60703,-0.25657
-0.23624,-0.97105,-0.035373,-0.37066,0.12371,-0.92049,0.89822,-0.20434,-0.38916,0.23273,-0.47087,-0.85095,0.82361,-0.3699,0.42994,-0.51721,-0.80091,0.30173,-0.5393,-0.79783,-0.26949,0.65253,-0.19363,-0.73261,0.53231,-0.57095,0.62503,0.65808,-0.66784,-0.34773,0.040017,-0.43015,0.90187,-0.75188,-0.60742,-0.25635
-0.23622,-0.97105,-0.03548,-0.371,0.12388,-0.92033,0.89809,-0.20424,-0.38952,0.23295,-0.47109,-0.85077,0.82372,-0.36945,0.43011,-0.51694,-0.80099,0.30198,-0.53898,-0.79807,-0.2694,0.6526,-0.19344,-0.73259,0.53255,-0.57067,0.62508,0.65833,-0.66785,-0.34725,0.040074,-0.42957,0.90215,-0.75166,-0.60783,-0.25603
-0.23623,-0.97105,-0.035529,-0.37139,0.12402,-0.92016,0.89792,-0.20418,-0.38993,0.23302,-0.47139,-0.85058,0.82392,-0.36893,0.43017,-0.51659,-0.80105,0.30242,-0.53877,-0.79827,-0.26925,0.65258,-0.19332,-0.73264,0.5328,-0.57043,0.62509,0.65857,-0.66782,-0.34685,0.040215,-0.42903,0.9024,-0.75145,-0.60824,-0.25569
-0.23623,-0.97105,-0.035605,-0.37174,0.12417,-0.92,0.89778,-0.20409,-0.39031,0.23313,-0.47174,-0.85036,0.82408,-0.36841,0.4303,-0.51627,-0.80109,0.30286,-0.53853,-0.79849,-0.26906,0.65258,-0.19324,-0.73266,0.53303,-0.57015,0.62515,0.6588,-0.66782,-0.34641,0.040332,-0.42844,0.90267,-0.75124,-0.60865,-0.25532
-0.23616,-0.97106,-0.035651,-0.37217,0.12428,-0.91981,0.89762,-0.20395,-0.39075,0.23319,-0.47215,-0.85012,0.82423,-0.36793,0.43044,-0.51601,-0.80106,0.30336,-0.53834,-0.79872,-0.26878,0.65251,-0.19321,-0.73274,0.53332,-0.56984,0.62518,0.65907,-0.66776,-0.34601,0.040518,-0.42787,0.90293,-0.75099,-0.60911,-0.25494
-0.2361,-0.97107,-0.035667,-0.37265,0.12438,-0.9196,0.89743,-0.20382,-0.39124,0.23313,-0.47261,-0.84988,0.82432,-0.3676,0.43054,-0.51589,-0.80094,0.30389,-0.53816,-0.79892,-0.26852,0.65241,-0.19316,-0.73283,0.53361,-0.56957,0.62518,0.65937,-0.66767,-0.34561,0.040732,-0.4273,0.90319,-0.75072,-0.60961,-0.25455
-0.23604,-0.97109,-0.03562,-0.37311,0.12441,-0.91941,0.89726,-0.20373,-0.39169,0.23301,-0.47318,-0.84959,0.82442,-0.36725,0.43065,-0.51578,-0.80077,0.30453,-0.53795,-0.79917,-0.26821,0.65233,-0.19313,-0.73292,0.53393,-0.56923,0.62521,0.65965,-0.6676,-0.34521,0.040932,-0.42673,0.90345,-0.75046,-0.61009,-0.25416
-0.23593,-0.97112,-0.035536,-0.37361,0.1244,-0.9192,0.89708,-0.20359,-0.39217,0.23296,-0.47365,-0.84935,0.82458,-0.3668,0.43072,-0.51555,-0.80069,0.30511,-0.53777,-0.79941,-0.26785,0.65222,-0.19315,-0.73301,0.53424,-0.56889,0.62526,0.65998,-0.66748,-0.34483,0.041165,-0.42616,0.90371,-0.75016,-0.61062,-0.25378
-0.23581,-0.97116,-0.035306,-0.37407,0.12424,-0.91904,0.89692,-0.20351,-0.39257,0.23289,-0.4743,-0.849,0.82475,-0.36626,0.43085,-0.51531,-0.80056,0.30588,-0.53761,-0.79967,-0.26741,0.65209,-0.19325,-0.7331,0.53456,-0.5685,0.62535,0.66028,-0.66742,-0.34435,0.041394,-0.42547,0.90403,-0.74988,-0.61117,-0.2533
-0.23578,-0.97118,-0.034965,-0.3745,0.124,-0.9189,0.89675,-0.20356,-0.39294,0.2328,-0.47495,-0.84866,0.82487,-0.36582,0.431,-0.51516,-0.80038,0.30661,-0.53753,-0.79988,-0.26695,0.65199,-0.19347,-0.73313,0.53477,-0.56813,0.62551,0.66057,-0.66742,-0.3438,0.041564,-0.42472,0.90437,-0.74961,-0.61169,-0.25282
-0.23576,-0.97119,-0.034635,-0.37482,0.12376,-0.9188,0.89662,-0.20364,-0.3932,0.23277,-0.47554,-0.84834,0.82497,-0.3654,0.43118,-0.51502,-0.80022,0.30725,-0.53738,-0.80011,-0.26656,0.652,-0.19368,-0.73307,0.53491,-0.56773,0.62575,0.66086,-0.66745,-0.34317,0.04162,-0.42396,0.90473,-0.74935,-0.61218,-0.2524
-0.23569,-0.97122,-0.034285,-0.37532,0.12351,-0.91863,0.89643,-0.20365,-0.39363,0.2326,-0.47604,-0.84811,0.82516,-0.36497,0.43117,-0.51479,-0.80011,0.30791,-0.53727,-0.80036,-0.26603,0.65183,-0.19387,-0.73317,0.53522,-0.56732,0.62585,0.66113,-0.66744,-0.34269,0.041837,-0.42325,0.90505,-0.7491,-0.61269,-0.2519
-0.23563,-0.97125,-0.033987,-0.37571,0.12329,-0.9185,0.89628,-0.20366,-0.39396,0.23256,-0.47659,-0.84781,0.82528,-0.36455,0.4313,-0.51462,-0.79998,0.30854,-0.53718,-0.80055,-0.26561,0.65177,-0.1941,-0.73315,0.53537,-0.56696,0.62605,0.66142,-0.66744,-0.34211,0.041943,-0.42251,0.90539,-0.74884,-0.61319,-0.25146
-0.23551,-0.97129,-0.033674,-0.3761,0.12303,-0.91837,0.89615,-0.20362,-0.39428,0.23248,-0.47716,-0.84751,0.82539,-0.36415,0.43143,-0.51448,-0.79982,0.30919,-0.53707,-0.80077,-0.26516,0.65172,-0.19433,-0.73314,0.53555,-0.56656,0.62625,0.66169,-0.66749,-0.3415,0.041951,-0.4218,0.90572,-0.7486,-0.61363,-0.2511
-0.23544,-0.97131,-0.033515,-0.37669,0.12299,-0.91814,0.89592,-0.20355,-0.39484,0.23225,-0.47762,-0.84731,0.82558,-0.36379,0.43136,-0.51426,-0.79971,0.30982,-0.53691,-0.80101,-0.26479,0.65153,-0.1943,-0.73332,0.53595,-0.56625,0.6262,0.66187,-0.6675,-0.34115,0.04211,-0.42127,0.90596,-0.74844,-0.61399,-0.25071
-0.23536,-0.97134,-0.033345,-0.37727,0.12293,-0.91791,0.8957,-0.20346,-0.39538,0.23206,-0.47803,-0.84714,0.82577,-0.36344,0.43129,-0.51405,-0.79963,0.3104,-0.53683,-0.80118,-0.26444,0.65131,-0.19431,-0.73351,0.53629,-0.566,0.62613,0.66197,-0.66753,-0.34088,0.04231,-0.42079,0.90617,-0.74834,-0.61428,-0.25031
-0.23524,-0.97137,-0.033285,-0.3777,0.12292,-0.91773,0.89555,-0.20332,-0.3958,0.23199,-0.4783,-0.847,0.82592,-0.36312,0.43127,-0.51384,-0.79961,0.3108,-0.53674,-0.80135,-0.26411,0.65116,-0.19435,-0.73364,0.53657,-0.56575,0.62612,0.66211,-0.66755,-0.34058,0.04238,-0.42038,0.90636,-0.74821,-0.61454,-0.25005
-0.23523,-0.97138,-0.033102,-0.37814,0.12284,-0.91756,0.89536,-0.20332,-0.39622,0.23197,-0.47854,-0.84687,0.82611,-0.36272,0.43125,-0.51354,-0.79965,0.31119,-0.53675,-0.80146,-0.26375,0.65103,-0.19455,-0.7337,0.53672,-0.56552,0.6262,0.66225,-0.66755,-0.34031,0.042527,-0.41996,0.90655,-0.74808,-0.61483,-0.24973
-0.23517,-0.9714,-0.03276,-0.37864,0.12261,-0.91739,0.89517,-0.20334,-0.39664,0.23193,-0.47884,-0.84671,0.82639,-0.36217,0.43118,-0.51312,-0.79972,0.31171,-0.53677,-0.80164,-0.26317,0.65083,-0.1949,-0.73378,0.53693,-0.56515,0.62635,0.66236,-0.66765,-0.33989,0.042637,-0.41936,0.90682,-0.74797,-0.61513,-0.2493
-0.2351,-0.97143,-0.032474,-0.37903,0.12239,-0.91725,0.89502,-0.20334,-0.39698,0.23203,-0.47903,-0.84657,0.82656,-0.36172,0.43123,-0.5128,-0.7998,0.31202,-0.5368,-0.80176,-0.26272,0.65072,-0.19523,-0.73379,0.53704,-0.56485,0.62652,0.66255,-0.66767,-0.33947,0.042655,-0.41886,0.90705,-0.7478,-0.61545,-0.24903
-0.23505,-0.97145,-0.032161,-0.3793,0.12214,-0.91718,0.89492,-0.20339,-0.39718,0.2322,-0.47935,-0.84635,0.82665,-0.36129,0.43142,-0.51258,-0.79981,0.31236,-0.53684,-0.80188,-0.26228,0.65062,-0.19557,-0.73379,0.53712,-0.56457,0.62671,0.6627,-0.66777,-0.339,0.042567,-0.41835,0.90729,-0.74768,-0.61569,-0.24881
-0.23501,-0.97147,-0.031874,-0.37971,0.12194,-0.91703,0.89476,-0.20341,-0.39754,0.23222,-0.47969,-0.84615,0.82679,-0.36089,0.43149,-0.51235,-0.79979,0.31279,-0.53684,-0.80201,-0.26188,0.65049,-0.19579,-0.73385,0.53728,-0.56431,0.62681,0.66283,-0.66783,-0.33861,0.042567,-0.41789,0.9075,-0.74756,-0.61593,-0.24856
-0.23502,-0.97148,-0.031633,-0.3801,0.12181,-0.91689,0.89459,-0.20346,-0.39788,0.23226,-0.48001,-0.84595,0.82685,-0.36059,0.43163,-0.51223,-0.79972,0.31315,-0.53689,-0.80208,-0.26156,0.65041,-0.19607,-0.73384,0.53731,-0.56412,0.62695,0.66296,-0.66788,-0.33827,0.042533,-0.41751,0.90768,-0.74745,-0.61614,-0.24838
-0.23498,-0.97149,-0.031393,-0.38053,0.12166,-0.91673,0.89442,-0.20347,-0.39827,0.2322,-0.48035,-0.84578,0.82697,-0.36028,0.43166,-0.51207,-0.79966,0.31358,-0.537,-0.80211,-0.26124,0.65024,-0.19629,-0.73393,0.53742,-0.56399,0.62698,0.66303,-0.66789,-0.33809,0.042622,-0.41723,0.9078,-0.74737,-0.61631,-0.24817
-0.23504,-0.97148,-0.031241,-0.38104,0.12166,-0.91652,0.89418,-0.20352,-0.39877,0.23208,-0.48053,-0.84571,0.82707,-0.36011,0.43159,-0.51194,-0.79963,0.31386,-0.53714,-0.80212,-0.26093,0.65004,-0.19651,-0.73406,0.53752,-0.56391,0.62696,0.66306,-0.66793,-0.33795,0.04267,-0.41701,0.9079,-0.74734,-0.61642,-0.248
-0.23503,-0.97149,-0.03116,-0.38149,0.12169,-0.91633,0.89399,-0.20348,-0.39922,0.23201,-0.48052,-0.84574,0.82721,-0.35997,0.43145,-0.51176,-0.7997,0.31397,-0.5372,-0.80213,-0.26076,0.64986,-0.19654,-0.7342,0.53768,-0.56388,0.62686,0.66312,-0.6679,-0.33791,0.042728,-0.41693,0.90794,-0.74729,-0.61651,-0.24793
-0.23498,-0.9715,-0.031149,-0.38189,0.12174,-0.91615,0.89384,-0.20338,-0.39961,0.23192,-0.48048,-0.84578,0.82738,-0.35979,0.43127,-0.51152,-0.7998,0.3141,-0.53724,-0.80216,-0.26059,0.64966,-0.19654,-0.73438,0.53788,-0.56384,0.62672,0.6632,-0.66779,-0.33796,0.042862,-0.41692,0.90793,-0.74721,-0.61662,-0.24788
-0.23487,-0.97152,-0.031192,-0.38237,0.12185,-0.91594,0.89366,-0.2032,-0.4001,0.23176,-0.4803,-0.84593,0.82759,-0.35968,0.43095,-0.51125,-0.79997,0.31413,-0.53736,-0.80213,-0.26044,0.64943,-0.19656,-0.73458,0.53804,-0.56387,0.62655,0.66327,-0.66764,-0.33812,0.043065,-0.41701,0.90788,-0.74714,-0.61673,-0.24784
-0.23478,-0.97155,-0.031227,-0.38292,0.12197,-0.91569,0.89345,-0.20303,-0.40066,0.23155,-0.48005,-0.84613,0.82784,-0.35958,0.43056,-0.51094,-0.80016,0.31415,-0.53751,-0.80207,-0.26034,0.64915,-0.19652,-0.73483,0.53823,-0.56398,0.62629,0.66334,-0.66744,-0.33839,0.043366,-0.41716,0.9078,-0.74706,-0.61685,-0.24777
-0.23467,-0.97158,-0.031181,-0.3835,0.12201,-0.91544,0.89323,-0.20286,-0.40123,0.2313,-0.47984,-0.84632,0.82805,-0.35957,0.43017,-0.51072,-0.80029,0.31416,-0.53766,-0.80202,-0.26018,0.64882,-0.19647,-0.73514,0.53848,-0.56407,0.62599,0.66338,-0.66728,-0.33862,0.043633,-0.41726,0.90774,-0.74701,-0.61695,-0.24769
-0.23456,-0.9716,-0.03118,-0.38402,0.12208,-0.91522,0.89303,-0.2027,-0.40175,0.23106,-0.47966,-0.84648,0.82819,-0.35963,0.42985,-0.51061,-0.80037,0.31416,-0.53782,-0.80195,-0.26006,0.6485,-0.19642,-0.73544,0.5387,-0.56418,0.6257,0.66342,-0.66714,-0.33882,0.043855,-0.41738,0.90768,-0.74696,-0.61703,-0.24764
-0.23445,-0.97163,-0.031244,-0.38458,0.12222,-0.91497,0.89282,-0.20249,-0.40232,0.23082,-0.47944,-0.84667,0.82833,-0.3597,0.42951,-0.51047,-0.80047,0.31411,-0.53793,-0.80192,-0.25993,0.64823,-0.19637,-0.73569,0.53892,-0.56424,0.62546,0.66345,-0.66699,-0.33906,0.044078,-0.41753,0.90759,-0.74693,-0.61708,-0.24761
-0.23431,-0.97166,-0.031233,-0.38511,0.12227,-0.91474,0.89263,-0.2023,-0.40284,0.23061,-0.47924,-0.84684,0.82849,-0.35972,0.42919,-0.51031,-0.80058,0.31409,-0.53801,-0.80192,-0.25975,0.64796,-0.19634,-0.73594,0.53917,-0.56424,0.62524,0.66348,-0.66688,-0.33923,0.044258,-0.41762,0.90754,-0.74689,-0.61715,-0.24757
-0.23413,-0.97171,-0.031162,-0.38564,0.12225,-0.91452,0.89245,-0.2021,-0.40335,0.23042,-0.47912,-0.84697,0.82865,-0.35969,0.42891,-0.51015,-0.80066,0.31414,-0.53807,-0.80195,-0.25954,0.6477,-0.19634,-0.73616,0.5394,-0.56421,0.62507,0.6635,-0.6668,-0.33934,0.044355,-0.41771,0.9075,-0.74686,-0.61717,-0.24757
-0.23394,-0.97175,-0.031069,-0.38605,0.12217,-0.91435,0.89232,-0.20191,-0.40373,0.23031,-0.47907,-0.84702,0.82875,-0.35964,0.42875,-0.51002,-0.80072,0.31421,-0.53821,-0.80194,-0.25928,0.64749,-0.19649,-0.7363,0.53952,-0.56417,0.625,0.66349,-0.66677,-0.33941,0.044389,-0.41776,0.90747,-0.74687,-0.61716,-0.24759
-0.23373,-0.97181,-0.030944,-0.38651,0.12207,-0.91417,0.89218,-0.20171,-0.40415,0.23022,-0.47902,-0.84708,0.82886,-0.35956,0.4286,-0.50989,-0.80078,0.31426,-0.53827,-0.80196,-0.25907,0.6473,-0.19656,-0.73646,0.53969,-0.56411,0.62491,0.6635,-0.66673,-0.33948,0.04442,-0.41784,0.90743,-0.74686,-0.61716,-0.24762
-0.2335,-0.97187,-0.030743,-0.38695,0.12188,-0.91401,0.89205,-0.20152,-0.40453,0.23011,-0.47904,-0.84709,0.82895,-0.3595,0.42849,-0.50979,-0.8008,0.31437,-0.53837,-0.802,-0.25876,0.6471,-0.19673,-0.73659,0.53984,-0.564,0.62488,0.66356,-0.66667,-0.33946,0.044408,-0.41785,0.90743,-0.7468,-0.61721,-0.24766
-0.23326,-0.97193,-0.030552,-0.38744,0.12171,-0.91383,0.8919,-0.20132,-0.40495,0.22996,-0.47904,-0.84713,0.82904,-0.35947,0.42833,-0.50971,-0.80081,0.31448,-0.53848,-0.80201,-0.2585,0.64687,-0.19685,-0.73676,0.54,-0.56394,0.62479,0.66353,-0.66665,-0.33955,0.04448,-0.41791,0.9074,-0.74682,-0.6172,-0.24764
-0.23302,-0.972,-0.030408,-0.38802,0.1216,-0.9136,0.89171,-0.20109,-0.40549,0.2297,-0.47904,-0.8472,0.82918,-0.35947,0.42807,-0.50961,-0.80081,0.31464,-0.53865,-0.80199,-0.25819,0.64653,-0.19696,-0.73702,0.54023,-0.56392,0.62461,0.66345,-0.66667,-0.33967,0.044553,-0.41797,0.90737,-0.74689,-0.61713,-0.2476
-0.23275,-0.97207,-0.030212,-0.38864,0.12144,-0.91335,0.89151,-0.20084,-0.40605,0.22951,-0.47891,-0.84733,0.82934,-0.35944,0.42779,-0.50943,-0.80091,0.31469,-0.53882,-0.802,-0.2578,0.64616,-0.19712,-0.73731,0.54051,-0.56386,0.62443,0.66343,-0.66665,-0.33976,0.044693,-0.41797,0.90736,-0.7469,-0.61716,-0.2475
-0.23249,-0.97214,-0.029949,-0.38935,0.12124,-0.91308,0.89127,-0.20062,-0.40669,0.22923,-0.47865,-0.84756,0.82953,-0.35948,0.42737,-0.50924,-0.80104,0.31465,-0.53903,-0.802,-0.25737,0.6457,-0.19725,-0.73767,0.54085,-0.56381,0.62418,0.66333,-0.66664,-0.33999,0.044981,-0.41799,0.90734,-0.74698,-0.61715,-0.24728
-0.23217,-0.97222,-0.029716,-0.39003,0.12104,-0.91281,0.89105,-0.20034,-0.4073,0.22901,-0.47834,-0.84779,0.82976,-0.35946,0.42695,-0.50897,-0.80124,0.31458,-0.53919,-0.802,-0.25704,0.64526,-0.19727,-0.73805,0.54121,-0.56381,0.62387,0.6633,-0.66653,-0.34025,0.045256,-0.41811,0.90727,-0.74698,-0.61719,-0.24717
-0.23189,-0.97229,-0.029471,-0.39071,0.12084,-0.91255,0.89083,-0.2001,-0.40791,0.22883,-0.47812,-0.84796,0.82992,-0.35945,0.42664,-0.50878,-0.80137,0.31455,-0.53934,-0.80203,-0.25663,0.64485,-0.19738,-0.73838,0.54155,-0.56373,0.62365,0.66331,-0.66644,-0.34042,0.045484,-0.41815,0.90724,-0.74697,-0.61726,-0.24705
-0.23161,-0.97237,-0.029319,-0.3913,0.12071,-0.91231,0.89064,-0.19983,-0.40844,0.22864,-0.47793,-0.84812,0.83011,-0.3594,0.42632,-0.50856,-0.80151,0.31456,-0.53946,-0.80208,-0.25624,0.64445,-0.19744,-0.73872,0.54192,-0.56364,0.62341,0.66331,-0.66636,-0.34057,0.045707,-0.41817,0.90722,-0.74695,-0.61733,-0.24691
-0.23136,-0.97243,-0.029177,-0.39178,0.12058,-0.91212,0.8905,-0.19959,-0.40887,0.22845,-0.47783,-0.84823,0.83029,-0.35932,0.42604,-0.50836,-0.8016,0.31465,-0.53953,-0.80213,-0.25593,0.64412,-0.19746,-0.739,0.54223,-0.56356,0.6232,0.66336,-0.66628,-0.34063,0.045863,-0.41815,0.90722,-0.74689,-0.61744,-0.24682
-0.23119,-0.97247,-0.029111,-0.39231,0.12056,-0.9119,0.89031,-0.1994,-0.40938,0.22815,-0.47773,-0.84836,0.83049,-0.35929,0.42567,-0.50816,-0.80168,0.31478,-0.53964,-0.80216,-0.25562,0.64376,-0.19749,-0.7393,0.54256,-0.56351,0.62297,0.66331,-0.66624,-0.34081,0.046112,-0.41816,0.9072,-0.74692,-0.61747,-0.24665
-0.23095,-0.97253,-0.028948,-0.39286,0.12043,-0.91168,0.89013,-0.19918,-0.40988,0.22786,-0.47766,-0.84848,0.83071,-0.35921,0.4253,-0.50793,-0.80176,0.31495,-0.53969,-0.80222,-0.2553,0.64342,-0.19749,-0.7396,0.5429,-0.56342,0.62275,0.66335,-0.66612,-0.34095,0.046371,-0.41816,0.90719,-0.74687,-0.61759,-0.2465
-0.23073,-0.97259,-0.028773,-0.39352,0.12032,-0.91141,0.88989,-0.19897,-0.41049,0.22756,-0.47761,-0.84859,0.83094,-0.35911,0.42495,-0.5077,-0.80183,0.31514,-0.53978,-0.80228,-0.25491,0.64302,-0.19753,-0.73993,0.54328,-0.56331,0.62251,0.66341,-0.66598,-0.34111,0.046704,-0.41813,0.90719,-0.7468,-0.61777,-0.24629
-0.23053,-0.97265,-0.028553,-0.39411,0.12016,-0.91118,0.88968,-0.1988,-0.41103,0.22728,-0.47758,-0.84868,0.83115,-0.35902,0.42461,-0.50748,-0.80189,0.31534,-0.53987,-0.80234,-0.25453,0.64267,-0.19761,-0.74022,0.54361,-0.5632,0.62233,0.66342,-0.66592,-0.34122,0.046987,-0.41805,0.90721,-0.74677,-0.61789,-0.24605
-0.23026,-0.97272,-0.028316,-0.39469,0.11995,-0.91095,0.8895,-0.19858,-0.41154,0.22705,-0.47759,-0.84874,0.83138,-0.35884,0.42432,-0.50721,-0.80196,0.31558,-0.53982,-0.80248,-0.2542,0.64244,-0.19762,-0.74042,0.54394,-0.563,0.62222,0.66346,-0.66586,-0.34126,0.047259,-0.41789,0.90727,-0.74672,-0.61806,-0.24579
-0.23007,-0.97277,-0.028124,-0.39528,0.11982,-0.91071,0.88928,-0.19841,-0.41209,0.22678,-0.47763,-0.84879,0.83164,-0.35862,0.424,-0.5069,-0.80204,0.31588,-0.53974,-0.80265,-0.25385,0.64219,-0.1976,-0.74064,0.54431,-0.56277,0.62211,0.66352,-0.66577,-0.34131,0.047568,-0.41773,0.90733,-0.74665,-0.61826,-0.2455
-0.22986,-0.97282,-0.028062,-0.39583,0.11979,-0.91048,0.88909,-0.19818,-0.4126,0.2266,-0.47765,-0.84883,0.8319,-0.35834,0.42372,-0.50656,-0.80215,0.31615,-0.53965,-0.80278,-0.25363,0.64198,-0.19749,-0.74085,0.54465,-0.56263,0.62194,0.66357,-0.66568,-0.34139,0.047848,-0.41763,0.90736,-0.74658,-0.61843,-0.24528
-0.22965,-0.97287,-0.027964,-0.39635,0.11973,-0.91026,0.88891,-0.19796,-0.4131,0.22635,-0.4777,-0.84886,0.8322,-0.35803,0.42339,-0.50617,-0.80226,0.3165,-0.53954,-0.80292,-0.25339,0.64174,-0.19736,-0.74109,0.54503,-0.56246,0.62175,0.66363,-0.66559,-0.34146,0.04814,-0.41751,0.9074,-0.74651,-0.61861,-0.24503
-0.22948,-0.97292,-0.027797,-0.39696,0.11963,-0.91001,0.88869,-0.19779,-0.41366,0.2261,-0.47782,-0.84886,0.83248,-0.35772,0.4231,-0.50582,-0.80233,0.31689,-0.5395,-0.80304,-0.25312,0.64147,-0.19728,-0.74135,0.5454,-0.56232,0.62155,0.66374,-0.66548,-0.34145,0.048494,-0.41726,0.90749,-0.74639,-0.6189,-0.24468
-0.22924,-0.97297,-0.027715,-0.39748,0.11956,-0.90979,0.88852,-0.19755,-0.41414,0.22592,-0.47784,-0.8489,0.83273,-0.35747,0.42283,-0.5055,-0.80243,0.31715,-0.53941,-0.80318,-0.25286,0.64124,-0.1972,-0.74157,0.54575,-0.56215,0.6214,0.66386,-0.66538,-0.34142,0.048792,-0.41702,0.90759,-0.74627,-0.61917,-0.24437
-0.22905,-0.97302,-0.027622,-0.39807,0.11952,-0.90954,0.8883,-0.19733,-0.41471,0.22569,-0.47791,-0.84892,0.833,-0.35718,0.42253,-0.50515,-0.80251,0.31749,-0.5393,-0.80333,-0.25262,0.64099,-0.19704,-0.74183,0.54616,-0.562,0.62119,0.66395,-0.6653,-0.34139,0.049146,-0.41673,0.9077,-0.74616,-0.61945,-0.24399
-0.22884,-0.97307,-0.027546,-0.3986,0.11948,-0.90931,0.88812,-0.1971,-0.41521,0.22551,-0.47804,-0.84889,0.83329,-0.3568,0.42229,-0.50476,-0.8026,0.31788,-0.53919,-0.80348,-0.25238,0.64073,-0.19688,-0.74209,0.54657,-0.56184,0.62097,0.66405,-0.6652,-0.34139,0.049528,-0.41646,0.9078,-0.74605,-0.61974,-0.2436
-0.22863,-0.97312,-0.027538,-0.39904,0.11948,-0.90912,0.88797,-0.19686,-0.41563,0.22536,-0.47819,-0.84885,0.83355,-0.35643,0.42209,-0.50439,-0.80268,0.31827,-0.53902,-0.80366,-0.25218,0.64057,-0.19671,-0.74228,0.54694,-0.56164,0.62083,0.66409,-0.66517,-0.34136,0.049807,-0.41621,0.9079,-0.74599,-0.61993,-0.24327
-0.22849,-0.97316,-0.027561,-0.39948,0.11954,-0.90891,0.88781,-0.19666,-0.41607,0.22523,-0.4784,-0.84877,0.8338,-0.35603,0.42193,-0.50403,-0.80273,0.3187,-0.53882,-0.80384,-0.25202,0.64041,-0.19649,-0.74247,0.54731,-0.56146,0.62066,0.66415,-0.66514,-0.34131,0.050074,-0.41594,0.90801,-0.74592,-0.62015,-0.24294
-0.22832,-0.9732,-0.02756,-0.39994,0.11956,-0.90871,0.88765,-0.19645,-0.41652,0.22508,-0.47866,-0.84866,0.83405,-0.35562,0.42178,-0.50369,-0.80275,0.31919,-0.53863,-0.80404,-0.2518,0.64025,-0.19633,-0.74265,0.54768,-0.56123,0.62054,0.66418,-0.66513,-0.34127,0.050358,-0.41566,0.90812,-0.74587,-0.62034,-0.24258
-0.22818,-0.97323,-0.027474,-0.40029,0.1195,-0.90856,0.88753,-0.19632,-0.41684,0.22504,-0.47903,-0.84846,0.83426,-0.35513,0.42177,-0.50336,-0.80275,0.31972,-0.53839,-0.80427,-0.25156,0.64021,-0.19626,-0.74271,0.54797,-0.56092,0.62057,0.66424,-0.66516,-0.3411,0.050547,-0.4153,0.90828,-0.74581,-0.62055,-0.24224
-0.22803,-0.97327,-0.027374,-0.40061,0.11941,-0.90843,0.88742,-0.19619,-0.41714,0.22506,-0.47947,-0.84821,0.83447,-0.35456,0.42184,-0.503,-0.80274,0.32031,-0.53823,-0.80445,-0.25133,0.64014,-0.19623,-0.74278,0.54821,-0.56067,0.62058,0.66433,-0.66519,-0.34087,0.050705,-0.4149,0.90845,-0.74572,-0.6208,-0.2419
-0.22789,-0.97331,-0.027226,-0.40089,0.11927,-0.90833,0.88733,-0.19609,-0.41737,0.2251,-0.47998,-0.84791,0.83472,-0.35387,0.42192,-0.50256,-0.80274,0.32099,-0.53805,-0.80466,-0.25106,0.6401,-0.19626,-0.7428,0.54843,-0.56037,0.62066,0.66439,-0.66524,-0.34063,0.050852,-0.41447,0.90864,-0.74565,-0.62102,-0.24154
-0.22775,-0.97334,-0.027158,-0.40115,0.11921,-0.90822,0.88725,-0.19596,-0.4176,0.22516,-0.48055,-0.84757,0.83496,-0.35316,0.42204,-0.50214,-0.80271,0.32172,-0.53782,-0.8049,-0.25079,0.64012,-0.19628,-0.74278,0.54864,-0.56001,0.62079,0.6645,-0.66528,-0.34035,0.051011,-0.41401,0.90884,-0.74554,-0.62129,-0.24117
-0.22756,-0.97339,-0.026948,-0.40137,0.11897,-0.90815,0.8872,-0.19584,-0.41777,0.22522,-0.48112,-0.84723,0.83519,-0.35245,0.42217,-0.50172,-0.80268,0.32245,-0.53757,-0.80515,-0.25049,0.64013,-0.19631,-0.74277,0.54887,-0.55963,0.62093,0.6646,-0.66535,-0.34003,0.051144,-0.4135,0.90907,-0.74545,-0.62156,-0.24078
-0.22736,-0.97344,-0.026753,-0.40162,0.11876,-0.90807,0.88713,-0.19572,-0.41796,0.22529,-0.48172,-0.84687,0.83547,-0.35167,0.42229,-0.50124,-0.80267,0.32323,-0.53734,-0.80542,-0.25014,0.64012,-0.19638,-0.74275,0.5491,-0.55923,0.62109,0.66474,-0.66539,-0.33968,0.05129,-0.41296,0.9093,-0.74531,-0.62187,-0.24038
-0.22715,-0.9735,-0.026515,-0.40185,0.11849,-0.90801,0.88709,-0.1956,-0.41811,0.22547,-0.48236,-0.84646,0.83571,-0.35081,0.42252,-0.50075,-0.80266,0.32402,-0.53712,-0.80568,-0.24976,0.64011,-0.19649,-0.74274,0.54933,-0.55881,0.62126,0.66488,-0.66543,-0.33932,0.051498,-0.41236,0.90956,-0.74517,-0.62222,-0.2399
-0.22695,-0.97355,-0.026266,-0.40206,0.11822,-0.90795,0.88704,-0.1955,-0.41825,0.22569,-0.4829,-0.84609,0.83591,-0.35004,0.42275,-0.50031,-0.80267,0.32466,-0.53696,-0.80589,-0.24943,0.64011,-0.19662,-0.7427,0.54949,-0.55846,0.62143,0.66499,-0.66549,-0.33899,0.051727,-0.41176,0.90982,-0.74506,-0.62256,-0.23939
-0.22677,-0.9736,-0.026128,-0.4021,0.11802,-0.90796,0.88707,-0.19539,-0.41825,0.22591,-0.48349,-0.8457,0.83618,-0.34914,0.42297,-0.49977,-0.80271,0.32541,-0.53676,-0.80613,-0.2491,0.64016,-0.19678,-0.74261,0.54962,-0.55807,0.62167,0.66521,-0.66545,-0.33863,0.052016,-0.41113,0.91009,-0.74484,-0.62302,-0.23888
-0.2266,-0.97365,-0.025839,-0.4019,0.11763,-0.90809,0.8872,-0.19539,-0.41797,0.22617,-0.48437,-0.84512,0.83643,-0.34809,0.42334,-0.49924,-0.80263,0.32641,-0.53659,-0.80634,-0.24877,0.64035,-0.1971,-0.74236,0.54956,-0.55764,0.6221,0.66551,-0.6654,-0.33813,0.052279,-0.41035,0.91043,-0.74455,-0.62358,-0.23831
-0.2264,-0.9737,-0.025489,-0.4016,0.11716,-0.90829,0.88739,-0.1954,-0.41756,0.22633,-0.48544,-0.84447,0.83663,-0.34711,0.42376,-0.49883,-0.80242,0.32757,-0.53647,-0.80655,-0.24834,0.64056,-0.19759,-0.74205,0.54944,-0.55716,0.62265,0.66584,-0.66536,-0.33758,0.052625,-0.40945,0.91081,-0.74424,-0.62422,-0.23761
-0.22617,-0.97376,-0.025191,-0.40119,0.11668,-0.90853,0.88763,-0.19538,-0.41705,0.22652,-0.48647,-0.84382,0.83673,-0.34626,0.42424,-0.49856,-0.80215,0.32861,-0.53637,-0.80673,-0.24797,0.64079,-0.19806,-0.74173,0.54926,-0.55674,0.62318,0.66613,-0.6653,-0.33712,0.053046,-0.4086,0.91117,-0.74394,-0.62485,-0.23689
-0.22589,-0.97384,-0.024842,-0.40061,0.11611,-0.90886,0.88797,-0.19535,-0.41636,0.22669,-0.48762,-0.84311,0.83677,-0.34549,0.4248,-0.49843,-0.80179,0.32971,-0.53625,-0.80693,-0.24759,0.64115,-0.19865,-0.74126,0.54896,-0.55624,0.62389,0.66655,-0.66516,-0.33657,0.053472,-0.40767,0.91156,-0.74354,-0.6256,-0.23616
-0.2256,-0.97392,-0.024329,-0.40013,0.1154,-0.90917,0.88826,-0.19538,-0.41572,0.22682,-0.48881,-0.84239,0.83683,-0.34469,0.42533,-0.49827,-0.80141,0.33087,-0.5362,-0.80714,-0.24702,0.64146,-0.19941,-0.74079,0.54866,-0.55566,0.62467,0.66684,-0.66513,-0.33605,0.053944,-0.40668,0.91198,-0.74325,-0.62627,-0.23531
-0.22529,-0.974,-0.023725,-0.39962,0.11459,-0.90949,0.88857,-0.19542,-0.41504,0.22692,-0.49,-0.84167,0.83691,-0.34387,0.42583,-0.49809,-0.80103,0.33206,-0.5362,-0.80734,-0.24635,0.64179,-0.20037,-0.74024,0.54826,-0.55502,0.62558,0.66707,-0.66517,-0.33551,0.054478,-0.4056,0.91243,-0.743,-0.62693,-0.23433
-0.22494,-0.9741,-0.023094,-0.39897,0.1137,-0.90989,0.88895,-0.19546,-0.41421,0.22691,-0.49126,-0.84094,0.83702,-0.34306,0.42627,-0.4979,-0.80061,0.33335,-0.53628,-0.80751,-0.24563,0.64212,-0.20146,-0.73966,0.54779,-0.55439,0.62656,0.66723,-0.66535,-0.33482,0.054613,-0.40461,0.91286,-0.74284,-0.62737,-0.23363
-0.22465,-0.97418,-0.022472,-0.3981,0.1128,-0.91038,0.88941,-0.19557,-0.41316,0.22697,-0.49256,-0.84016,0.8371,-0.34223,0.42678,-0.49774,-0.80017,0.33464,-0.53636,-0.80768,-0.24489,0.64257,-0.20266,-0.73894,0.5472,-0.5537,0.62769,0.667,-0.66592,-0.33415,0.054112,-0.40401,0.91315,-0.74309,-0.62715,-0.23344
-0.22422,-0.9743,-0.021727,-0.39702,0.11168,-0.91099,0.89,-0.19563,-0.41186,0.22704,-0.49394,-0.83933,0.83719,-0.34132,0.42733,-0.49756,-0.7997,0.33603,-0.53642,-0.80788,-0.24408,0.64318,-0.20409,-0.73802,0.54642,-0.55288,0.62909,0.66709,-0.66622,-0.33337,0.054076,-0.40301,0.9136,-0.74301,-0.62748,-0.23282
-0.22388,-0.97439,-0.020918,-0.39576,0.1105,-0.91168,0.89065,-0.19582,-0.41036,0.2272,-0.49536,-0.83845,0.83727,-0.34034,0.42796,-0.49735,-0.79924,0.33742,-0.5366,-0.808,-0.24333,0.64392,-0.20571,-0.73692,0.54537,-0.55211,0.63067,0.66712,-0.66659,-0.33258,0.053995,-0.402,0.91405,-0.74299,-0.62773,-0.23219
-0.22358,-0.97448,-0.02008,-0.39417,0.10924,-0.91252,0.89143,-0.19611,-0.40853,0.22745,-0.4969,-0.83747,0.83728,-0.33934,0.42874,-0.49722,-0.79871,0.33887,-0.5368,-0.80807,-0.24263,0.64485,-0.2075,-0.7356,0.54407,-0.55133,0.63247,0.66703,-0.6671,-0.33174,0.053789,-0.40099,0.9145,-0.74309,-0.62784,-0.23159
-0.22331,-0.97456,-0.019164,-0.39214,0.10782,-0.91357,0.89239,-0.19649,-0.40624,0.22782,-0.49867,-0.83631,0.8372,-0.33824,0.42975,-0.49718,-0.79807,0.34043,-0.53706,-0.80809,-0.242,0.64607,-0.20958,-0.73394,0.54237,-0.55052,0.63464,0.66698,-0.66765,-0.33073,0.053328,-0.39997,0.91498,-0.74316,-0.62791,-0.23117
-0.22308,-0.97463,-0.018059,-0.38963,0.10613,-0.91483,0.89355,-0.19704,-0.40342,0.22811,-0.50069,-0.83503,0.83706,-0.3372,0.43085,-0.49729,-0.79725,0.34219,-0.53742,-0.80804,-0.24136,0.64752,-0.21203,-0.73196,0.54028,-0.54966,0.63717,0.66686,-0.66828,-0.3297,0.05283,-0.39893,0.91546,-0.7433,-0.62791,-0.23073
-0.22274,-0.97473,-0.016831,-0.38659,0.10416,-0.91635,0.89495,-0.1976,-0.40002,0.22849,-0.5029,-0.8336,0.83686,-0.33605,0.43212,-0.49745,-0.79634,0.34407,-0.53779,-0.80799,-0.2407,0.64933,-0.21486,-0.72952,0.53773,-0.54862,0.6402,0.66673,-0.66897,-0.32856,0.052158,-0.39788,0.91595,-0.74347,-0.62783,-0.23038
-0.22242,-0.97483,-0.0155,-0.38308,0.102,-0.91807,0.89654,-0.19826,-0.39612,0.22882,-0.50519,-0.83212,0.83653,-0.33512,0.43349,-0.49785,-0.79528,0.34593,-0.53823,-0.80789,-0.24006,0.65144,-0.21807,-0.72669,0.53473,-0.54751,0.64366,0.66658,-0.66973,-0.32732,0.051396,-0.39676,0.91648,-0.74366,-0.62773,-0.23005
-0.22209,-0.97493,-0.014103,-0.37897,0.099638,-0.92003,0.89836,-0.19898,-0.3916,0.22922,-0.50759,-0.83055,0.83614,-0.33415,0.43498,-0.49832,-0.79416,0.34782,-0.53867,-0.80776,-0.23947,0.65391,-0.22162,-0.72338,0.53125,-0.54626,0.64759,0.66639,-0.67058,-0.32596,0.050405,-0.39566,0.91701,-0.7439,-0.62751,-0.22986
-0.22169,-0.97503,-0.012744,-0.37439,0.097176,-0.92217,0.90038,-0.19966,-0.38659,0.22957,-0.51008,-0.82893,0.83592,-0.33292,0.43636,-0.49854,-0.79309,0.34995,-0.53923,-0.80757,-0.23888,0.65665,-0.22558,-0.71967,0.52729,-0.54493,0.65193,0.66615,-0.67141,-0.32474,0.049535,-0.39462,0.91751,-0.74417,-0.62728,-0.22961
-0.22119,-0.97516,-0.011314,-0.36926,0.094483,-0.92451,0.90262,-0.20032,-0.38099,0.22979,-0.51261,-0.8273,0.83578,-0.33161,0.43761,-0.49867,-0.792,0.35223,-0.53983,-0.80735,-0.23826,0.65969,-0.22995,-0.71549,0.52287,-0.54342,0.65674,0.66595,-0.67216,-0.32361,0.048856,-0.39356,0.918,-0.7444,-0.62715,-0.22925
-0.22064,-0.97531,-0.0097934,-0.36349,0.09154,-0.92709,0.90509,-0.201,-0.37471,0.23011,-0.51512,-0.82565,0.83568,-0.33016,0.43889,-0.49868,-0.79097,0.35451,-0.54047,-0.80708,-0.23774,0.6631,-0.23468,-0.7108,0.51787,-0.54181,0.662,0.66572,-0.6729,-0.32253,0.048171,-0.39257,0.91846,-0.74464,-0.62698,-0.22893
-0.22012,-0.97544,-0.0084091,-0.35711,0.088602,-0.92985,0.90776,-0.20167,-0.36784,0.23033,-0.51748,-0.82411,0.83566,-0.32875,0.43999,-0.49862,-0.79002,0.35672,-0.54116,-0.80672,-0.23738,0.66683,-0.23969,-0.70561,0.51233,-0.54014,0.66766,0.66536,-0.67371,-0.32159,0.047471,-0.39173,0.91886,-0.74501,-0.62663,-0.22866
-0.21959,-0.97557,-0.0070241,-0.34989,0.085474,-0.93288,0.91069,-0.20239,-0.36011,0.23076,-0.51981,-0.82252,0.83553,-0.32735,0.44129,-0.49864,-0.78907,0.35878,-0.54184,-0.80633,-0.23715,0.67103,-0.24512,-0.69974,0.50609,-0.53828,0.67389,0.66502,-0.67455,-0.32053,0.046596,-0.39088,0.91926,-0.74537,-0.62626,-0.22851
-0.21906,-0.97569,-0.0056123,-0.3419,0.082148,-0.93614,0.91385,-0.20315,-0.35158,0.231,-0.52221,-0.82094,0.83531,-0.3262,0.44254,-0.49889,-0.78796,0.36086,-0.54252,-0.8059,-0.23706,0.67569,-0.25097,-0.69316,0.49912,-0.53623,0.68069,0.66456,-0.67557,-0.31932,0.045391,-0.39005,0.91967,-0.74585,-0.62567,-0.22855
-0.21846,-0.97584,-0.0043152,-0.33313,0.078733,-0.93959,0.91722,-0.20382,-0.34228,0.2314,-0.52435,-0.81946,0.83513,-0.32499,0.44378,-0.49901,-0.78705,0.3627,-0.54318,-0.8054,-0.23725,0.68075,-0.25705,-0.68593,0.49146,-0.53409,0.6879,0.66404,-0.67665,-0.31812,0.043877,-0.38947,0.91999,-0.74641,-0.62487,-0.22893
-0.21792,-0.97596,-0.0029272,-0.3235,0.075062,-0.94325,0.92079,-0.2046,-0.33208,0.2315,-0.52667,-0.81794,0.83485,-0.32408,0.44496,-0.49943,-0.78587,0.36466,-0.54401,-0.80477,-0.23749,0.68615,-0.26376,-0.67796,0.48296,-0.53177,0.69568,0.66343,-0.67784,-0.31686,0.042126,-0.38897,0.92029,-0.74705,-0.62389,-0.2295
-0.21735,-0.97609,-0.001548,-0.31309,0.071218,-0.94705,0.92452,-0.20535,-0.32108,0.23174,-0.52871,-0.81655,0.83459,-0.32318,0.44611,-0.49976,-0.78487,0.36637,-0.54499,-0.80402,-0.23779,0.69187,-0.27105,-0.66921,0.47361,-0.52923,0.704,0.66282,-0.67901,-0.31562,0.04029,-0.38856,0.92054,-0.74769,-0.62287,-0.23019
-0.2168,-0.97622,-3.8425e-05,-0.30186,0.067073,-0.95099,0.92838,-0.20616,-0.30922,0.23164,-0.53098,-0.81511,0.83437,-0.32236,0.44711,-0.50017,-0.78367,0.36837,-0.546,-0.80325,-0.23808,0.69792,-0.27888,-0.65965,0.46346,-0.52633,0.71287,0.66239,-0.68005,-0.31428,0.038273,-0.38825,0.92076,-0.74818,-0.62193,-0.23114
-0.21614,-0.97636,0.0014561,-0.2897,0.062708,-0.95506,0.93239,-0.20685,-0.29641,0.23161,-0.53317,-0.81368,0.83417,-0.3215,0.44811,-0.50052,-0.78254,0.37029,-0.54699,-0.80245,-0.23849,0.70434,-0.28717,-0.64918,0.45244,-0.52307,0.72228,0.66229,-0.68084,-0.31278,0.036132,-0.38795,0.92097,-0.74837,-0.62125,-0.23234
-0.2155,-0.9765,0.0029387,-0.27687,0.058215,-0.95914,0.93643,-0.20751,-0.28291,0.23167,-0.53524,-0.81231,0.83387,-0.32078,0.44918,-0.50099,-0.78142,0.372,-0.54799,-0.80161,-0.239,0.71109,-0.29595,-0.63777,0.44052,-0.51945,0.7322,0.66224,-0.68161,-0.3112,0.033632,-0.38787,0.9211,-0.74853,-0.62046,-0.23394
-0.21479,-0.97665,0.0043126,-0.26328,0.053647,-0.96323,0.94051,-0.20803,-0.26865,0.23165,-0.53744,-0.81086,0.83352,-0.32011,0.4503,-0.50158,-0.78019,0.37381,-0.54893,-0.80075,-0.23973,0.71812,-0.30501,-0.62552,0.42777,-0.51553,0.74246,0.66222,-0.68235,-0.30961,0.030933,-0.38795,0.92116,-0.74867,-0.61959,-0.2358
-0.21415,-0.97678,0.0056469,-0.24926,0.049056,-0.96719,0.94446,-0.20853,-0.25398,0.23197,-0.53947,-0.80942,0.83322,-0.31918,0.45152,-0.50193,-0.77917,0.37546,-0.5498,-0.79991,-0.24054,0.72522,-0.31425,-0.61262,0.41445,-0.51127,0.75289,0.66218,-0.6831,-0.30806,0.028477,-0.38786,0.92128,-0.74881,-0.61882,-0.23738
-0.21362,-0.97689,0.0069411,-0.23495,0.044477,-0.97099,0.94824,-0.20905,-0.23902,0.23196,-0.54157,-0.80802,0.83299,-0.31836,0.45251,-0.50231,-0.77804,0.37728,-0.55073,-0.799,-0.24146,0.73226,-0.32365,-0.59921,0.40061,-0.50681,0.76331,0.66214,-0.68386,-0.30644,0.025963,-0.38774,0.9214,-0.74893,-0.61805,-0.23899
-0.21301,-0.97702,0.007994,-0.22047,0.040095,-0.97457,0.95185,-0.20936,-0.22395,0.2319,-0.5434,-0.80681,0.83287,-0.31758,0.45328,-0.50254,-0.77708,0.37894,-0.55159,-0.79806,-0.2426,0.73923,-0.33298,-0.58538,0.38639,-0.50222,0.77361,0.66192,-0.68463,-0.30518,0.023588,-0.38791,0.9214,-0.7492,-0.61709,-0.24062
-0.21247,-0.97713,0.0089163,-0.20566,0.035795,-0.97797,0.95528,-0.20962,-0.20856,0.23185,-0.54481,-0.80587,0.83272,-0.31706,0.45392,-0.50281,-0.77631,0.38017,-0.55239,-0.7971,-0.24391,0.74616,-0.34236,-0.57099,0.37164,-0.4974,0.78388,0.66162,-0.68542,-0.30408,0.021403,-0.38809,0.92137,-0.74953,-0.61611,-0.2421
