-0.32543,-0.82609,-0.46007,0.89397,-0.11027,-0.43435,0.30808,-0.55264,0.77439,0.46843,-0.75059,-0.46603,0.49132,-0.21709,0.84349,-0.73429,-0.62409,0.26709,-0.11684,-0.81336,-0.5699,0.57319,-0.52385,0.63011,-0.81105,-0.25304,0.52742,0.60178,-0.79794,0.034059,-0.38801,-0.25482,0.88573,-0.69808,-0.54623,-0.46295
-0.32579,-0.82485,-0.46203,0.89384,-0.10948,-0.43482,0.30808,-0.55464,0.77295,0.46896,-0.74944,-0.46736,0.4908,-0.21881,0.84335,-0.7343,-0.62487,0.26521,-0.11598,-0.81205,-0.57195,0.57344,-0.52492,0.62899,-0.811,-0.25503,0.52654,0.60206,-0.79777,0.032893,-0.38882,-0.25695,0.88476,-0.69739,-0.54547,-0.46489
-0.32608,-0.82356,-0.46414,0.89375,-0.1086,-0.43521,0.30802,-0.55674,0.77147,0.46924,-0.74828,-0.46892,0.49012,-0.22103,0.84317,-0.73457,-0.62548,0.26303,-0.11504,-0.81065,-0.57411,0.57364,-0.52606,0.62786,-0.81099,-0.2571,0.52554,0.60233,-0.79762,0.031614,-0.38961,-0.25919,0.88375,-0.69671,-0.54463,-0.46688
-0.32626,-0.82223,-0.46636,0.89379,-0.10772,-0.43536,0.30773,-0.55887,0.77004,0.46962,-0.74715,-0.47035,0.48919,-0.22328,0.84311,-0.73495,-0.62603,0.26064,-0.11416,-0.80908,-0.57651,0.57358,-0.52749,0.6267,-0.81115,-0.25913,0.52429,0.60256,-0.79749,0.030452,-0.39062,-0.26144,0.88265,-0.69594,-0.54375,-0.46905
-0.32636,-0.82093,-0.46858,0.89392,-0.10691,-0.43529,0.30724,-0.56093,0.76874,0.46985,-0.74621,-0.47161,0.48817,-0.22549,0.84312,-0.73548,-0.62637,0.25833,-0.11325,-0.80755,-0.57883,0.57327,-0.52893,0.62577,-0.8115,-0.26096,0.52285,0.60275,-0.79738,0.029536,-0.39185,-0.26355,0.88147,-0.69509,-0.54288,-0.47131
-0.32652,-0.81979,-0.47045,0.89409,-0.10644,-0.43506,0.30659,-0.56268,0.76772,0.47027,-0.74528,-0.47265,0.4869,-0.22757,0.84329,-0.73605,-0.62671,0.25586,-0.11224,-0.80609,-0.58105,0.57277,-0.53031,0.62506,-0.81199,-0.26266,0.52123,0.60296,-0.79726,0.028754,-0.39321,-0.26563,0.88024,-0.69414,-0.54205,-0.47365
-0.32674,-0.81874,-0.47214,0.89424,-0.10612,-0.43483,0.3059,-0.56428,0.76682,0.47077,-0.74443,-0.4735,0.48546,-0.22957,0.84358,-0.73669,-0.627,0.25331,-0.11127,-0.8047,-0.58316,0.57228,-0.53163,0.62439,-0.81247,-0.26425,0.51967,0.60314,-0.79714,0.028151,-0.39454,-0.26747,0.87909,-0.69323,-0.54132,-0.47582
-0.32698,-0.81768,-0.47379,0.89441,-0.10589,-0.43452,0.30513,-0.56584,0.76597,0.47122,-0.74369,-0.47421,0.4837,-0.2317,0.84401,-0.73756,-0.62709,0.25054,-0.1103,-0.80335,-0.58521,0.57168,-0.53293,0.62383,-0.81303,-0.26574,0.51804,0.60328,-0.79705,0.027631,-0.39599,-0.26929,0.87788,-0.69228,-0.54055,-0.47808
-0.3272,-0.81669,-0.47535,0.89461,-0.10571,-0.43417,0.30434,-0.56731,0.76521,0.47152,-0.74304,-0.47493,0.48193,-0.2339,0.84442,-0.73852,-0.62704,0.24781,-0.10941,-0.80201,-0.5872,0.57109,-0.53423,0.62326,-0.81356,-0.26715,0.51647,0.60346,-0.79693,0.027213,-0.39744,-0.27102,0.87669,-0.69129,-0.53986,-0.48028
-0.32728,-0.81558,-0.47719,0.89482,-0.10524,-0.43385,0.30362,-0.56899,0.76424,0.47172,-0.7424,-0.47573,0.48044,-0.236,0.84468,-0.73936,-0.62701,0.24536,-0.10853,-0.80068,-0.58918,0.57058,-0.53551,0.62263,-0.81404,-0.2686,0.51497,0.60365,-0.7968,0.026755,-0.39878,-0.27272,0.87556,-0.69034,-0.5392,-0.48237
-0.32737,-0.81453,-0.47894,0.89497,-0.1047,-0.43367,0.30309,-0.5706,0.76325,0.47187,-0.7417,-0.47667,0.47924,-0.23802,0.84479,-0.74004,-0.62707,0.24314,-0.10764,-0.79944,-0.59102,0.5702,-0.53662,0.62201,-0.81442,-0.27005,0.51361,0.60394,-0.7966,0.026213,-0.39992,-0.27442,0.87451,-0.68944,-0.53863,-0.48431
-0.32746,-0.81348,-0.48064,0.89505,-0.10408,-0.43364,0.30274,-0.5722,0.76219,0.47237,-0.74085,-0.47751,0.47826,-0.23963,0.84489,-0.74036,-0.62748,0.24113,-0.10688,-0.79822,-0.59281,0.56995,-0.53773,0.62129,-0.8147,-0.27147,0.51242,0.6042,-0.79643,0.025442,-0.40081,-0.27616,0.87355,-0.68869,-0.53799,-0.48607
-0.32775,-0.81254,-0.48203,0.89502,-0.10366,-0.43382,0.30253,-0.57362,0.76121,0.47283,-0.73995,-0.47844,0.47746,-0.2412,0.8449,-0.74058,-0.62793,0.23925,-0.10618,-0.79696,-0.59462,0.56976,-0.53886,0.62048,-0.81492,-0.27291,0.5113,0.60451,-0.79622,0.024651,-0.40165,-0.27793,0.8726,-0.68793,-0.5374,-0.48782
-0.32813,-0.81154,-0.48346,0.89493,-0.10324,-0.4341,0.30238,-0.57511,0.76014,0.47278,-0.73909,-0.47981,0.47682,-0.24332,0.84465,-0.74102,-0.62812,0.23738,-0.10561,-0.79559,-0.59656,0.56966,-0.54013,0.61948,-0.81507,-0.27442,0.51026,0.60477,-0.79605,0.023664,-0.40238,-0.27978,0.87167,-0.68727,-0.53669,-0.48951
-0.32869,-0.81055,-0.48474,0.89473,-0.10292,-0.43459,0.30237,-0.57656,0.75905,0.47265,-0.73826,-0.48121,0.4763,-0.24541,0.84434,-0.74144,-0.62828,0.23564,-0.10522,-0.79419,-0.5985,0.5696,-0.54146,0.61837,-0.81516,-0.27584,0.50934,0.60505,-0.79587,0.022568,-0.40298,-0.28166,0.87079,-0.68668,-0.53596,-0.49114
-0.32946,-0.80958,-0.48584,0.89443,-0.1028,-0.43523,0.30241,-0.57794,0.75798,0.47277,-0.7374,-0.48242,0.47583,-0.24715,0.8441,-0.74167,-0.62861,0.23403,-0.10505,-0.79277,-0.6004,0.56952,-0.54289,0.61718,-0.81524,-0.27711,0.50853,0.60528,-0.79572,0.021599,-0.40361,-0.2834,0.86993,-0.6861,-0.53528,-0.4927
-0.33035,-0.80865,-0.48677,0.8941,-0.10286,-0.4359,0.30242,-0.57922,0.757,0.47251,-0.73674,-0.48368,0.47537,-0.24908,0.84379,-0.74213,-0.62863,0.23253,-0.10494,-0.7914,-0.60223,0.56952,-0.54426,0.61598,-0.81525,-0.27834,0.50783,0.60555,-0.79554,0.020652,-0.40412,-0.28505,0.86916,-0.68556,-0.53466,-0.49411
-0.3312,-0.80771,-0.48776,0.89383,-0.10297,-0.43641,0.30227,-0.58052,0.75606,0.47227,-0.7361,-0.4849,0.47476,-0.25108,0.84354,-0.74268,-0.62859,0.23089,-0.1049,-0.79,-0.60406,0.56943,-0.5457,0.61479,-0.81532,-0.27947,0.5071,0.60574,-0.79542,0.019768,-0.40476,-0.28666,0.86833,-0.68502,-0.53398,-0.4956
-0.33204,-0.80679,-0.4887,0.89362,-0.10319,-0.4368,0.30198,-0.58175,0.75523,0.47204,-0.7355,-0.48602,0.474,-0.25309,0.84337,-0.7433,-0.62848,0.22916,-0.10484,-0.78864,-0.60585,0.56924,-0.54712,0.61369,-0.81546,-0.28054,0.50629,0.60587,-0.79534,0.019038,-0.40551,-0.28814,0.86749,-0.68446,-0.53331,-0.49709
-0.33292,-0.80599,-0.48943,0.89335,-0.10347,-0.43729,0.30182,-0.58281,0.75448,0.47175,-0.73493,-0.48716,0.47358,-0.25485,0.84307,-0.74376,-0.62843,0.22783,-0.10488,-0.7874,-0.60746,0.56913,-0.54843,0.61263,-0.81553,-0.28147,0.50565,0.60601,-0.79525,0.018312,-0.40609,-0.28949,0.86677,-0.684,-0.5327,-0.49837
-0.33385,-0.80527,-0.48997,0.89302,-0.1038,-0.43788,0.30175,-0.58375,0.75378,0.47131,-0.73455,-0.48817,0.47333,-0.25637,0.84275,-0.7442,-0.62826,0.22685,-0.10505,-0.78632,-0.60883,0.56905,-0.54961,0.61165,-0.81557,-0.2822,0.50519,0.60607,-0.79522,0.017582,-0.40659,-0.29073,0.86611,-0.68364,-0.53208,-0.49954
-0.33473,-0.80463,-0.49044,0.89267,-0.10406,-0.43854,0.30183,-0.58459,0.75309,0.47083,-0.73423,-0.48911,0.47323,-0.25771,0.8424,-0.74456,-0.62809,0.22612,-0.10526,-0.7853,-0.61011,0.56906,-0.5507,0.61066,-0.81553,-0.28291,0.50485,0.60617,-0.79515,0.016907,-0.40711,-0.29195,0.86547,-0.68324,-0.5315,-0.50068
-0.33565,-0.80406,-0.49075,0.89228,-0.10438,-0.43926,0.30196,-0.58532,0.75248,0.47025,-0.73401,-0.48999,0.47323,-0.25892,0.84203,-0.74493,-0.62785,0.2256,-0.10554,-0.78433,-0.6113,0.56907,-0.55176,0.60969,-0.81549,-0.28353,0.50457,0.60626,-0.7951,0.016182,-0.40748,-0.2931,0.8649,-0.68294,-0.53095,-0.50168
-0.33658,-0.80357,-0.49091,0.89189,-0.1048,-0.43995,0.30208,-0.58592,0.75196,0.46966,-0.73384,-0.49081,0.47313,-0.26015,0.84171,-0.74537,-0.62753,0.22502,-0.10584,-0.78339,-0.61245,0.56905,-0.55281,0.60876,-0.81546,-0.28408,0.5043,0.60633,-0.79506,0.015536,-0.40785,-0.29414,0.86437,-0.68266,-0.53043,-0.50261
-0.33753,-0.80302,-0.49115,0.89151,-0.10524,-0.4406,0.30212,-0.58658,0.75143,0.46912,-0.73369,-0.49155,0.47288,-0.26139,0.84146,-0.74586,-0.62719,0.22432,-0.10621,-0.78239,-0.61367,0.56897,-0.55396,0.60778,-0.81547,-0.28461,0.50399,0.6064,-0.79502,0.014939,-0.40829,-0.29519,0.8638,-0.68233,-0.52991,-0.50361
-0.33848,-0.80249,-0.49137,0.89116,-0.10573,-0.44119,0.3021,-0.58723,0.75093,0.46866,-0.73352,-0.49225,0.47242,-0.26275,0.8413,-0.74645,-0.62683,0.22339,-0.10656,-0.7814,-0.61487,0.56885,-0.5551,0.60686,-0.81551,-0.2851,0.50365,0.60646,-0.79499,0.014349,-0.40879,-0.29626,0.86321,-0.68199,-0.52936,-0.50465
-0.33948,-0.80197,-0.49152,0.89076,-0.10624,-0.44189,0.30216,-0.58784,0.75043,0.46825,-0.73332,-0.49294,0.47204,-0.26399,0.84112,-0.74694,-0.62654,0.22254,-0.10692,-0.78046,-0.61599,0.56883,-0.55615,0.60591,-0.81548,-0.28561,0.50341,0.60651,-0.79496,0.013695,-0.40918,-0.29732,0.86265,-0.6817,-0.52881,-0.50561
-0.34035,-0.80149,-0.49171,0.89039,-0.10661,-0.44253,0.30226,-0.58843,0.74992,0.46787,-0.73316,-0.49354,0.47166,-0.26513,0.84098,-0.74742,-0.62625,0.22176,-0.10725,-0.77955,-0.61709,0.56884,-0.55716,0.60498,-0.81543,-0.28614,0.50319,0.60664,-0.79487,0.013064,-0.40956,-0.2984,0.8621,-0.68136,-0.52833,-0.50657
-0.34113,-0.80099,-0.49198,0.89008,-0.10693,-0.44308,0.30229,-0.58905,0.74942,0.46747,-0.733,-0.49415,0.47124,-0.26632,0.84084,-0.74793,-0.62593,0.22092,-0.10751,-0.77864,-0.61819,0.56878,-0.55816,0.60411,-0.81543,-0.28667,0.50288,0.60672,-0.79482,0.012418,-0.41002,-0.29953,0.86149,-0.68101,-0.52778,-0.50762
-0.34187,-0.80049,-0.49228,0.88975,-0.10713,-0.4437,0.30244,-0.58969,0.74886,0.46703,-0.73277,-0.49491,0.47091,-0.26761,0.84061,-0.74842,-0.62564,0.22008,-0.10743,-0.77789,-0.61915,0.56896,-0.5588,0.60335,-0.81532,-0.28746,0.50262,0.60681,-0.79476,0.011653,-0.41035,-0.30069,0.86093,-0.68073,-0.52721,-0.50859
-0.34263,-0.8,-0.49255,0.88936,-0.10725,-0.44446,0.30274,-0.59034,0.74823,0.46645,-0.73245,-0.49592,0.47092,-0.26896,0.84017,-0.74877,-0.62544,0.21947,-0.10741,-0.7771,-0.62014,0.56925,-0.55946,0.60246,-0.81512,-0.2883,0.50246,0.60691,-0.7947,0.010676,-0.41047,-0.30191,0.86045,-0.68058,-0.52659,-0.50943
-0.3433,-0.7995,-0.4929,0.88897,-0.10722,-0.44524,0.30312,-0.59102,0.74754,0.46585,-0.73202,-0.49713,0.47112,-0.27037,0.83961,-0.74902,-0.62534,0.21892,-0.10775,-0.77613,-0.6213,0.56946,-0.56045,0.60135,-0.81493,-0.28901,0.50236,0.60707,-0.79459,0.0096378,-0.41045,-0.30316,0.86002,-0.68044,-0.52605,-0.51018
-0.344,-0.79898,-0.49325,0.88855,-0.10717,-0.44609,0.30356,-0.59173,0.7468,0.46523,-0.73149,-0.49848,0.47153,-0.2718,0.83892,-0.74915,-0.62533,0.21847,-0.10815,-0.7752,-0.62239,0.56974,-0.56138,0.60021,-0.81468,-0.28969,0.50237,0.60725,-0.79447,0.008495,-0.41029,-0.30441,0.85965,-0.68038,-0.5255,-0.51081
-0.34473,-0.79844,-0.49362,0.88811,-0.1071,-0.44699,0.30403,-0.59247,0.74602,0.46464,-0.73096,-0.49981,0.47182,-0.27327,0.83828,-0.74933,-0.62532,0.21791,-0.10849,-0.77427,-0.62349,0.56997,-0.56231,0.59911,-0.81447,-0.29037,0.50232,0.60739,-0.79437,0.0072842,-0.41011,-0.30569,0.85928,-0.68036,-0.5249,-0.51145
-0.34534,-0.79791,-0.49405,0.88775,-0.107,-0.44772,0.30438,-0.59321,0.74529,0.4645,-0.73022,-0.50101,0.47201,-0.27454,0.83776,-0.74929,-0.62562,0.21714,-0.10879,-0.77333,-0.6246,0.57014,-0.56325,0.59807,-0.81431,-0.29105,0.50218,0.60756,-0.79425,0.0061592,-0.41004,-0.307,0.85885,-0.68025,-0.52433,-0.5122
-0.34577,-0.79736,-0.49463,0.88752,-0.10682,-0.44822,0.30455,-0.59398,0.74461,0.46426,-0.72963,-0.5021,0.47212,-0.27578,0.83729,-0.74938,-0.62577,0.21644,-0.10893,-0.77238,-0.62575,0.57012,-0.56422,0.59718,-0.81431,-0.2917,0.50181,0.60773,-0.79413,0.0051865,-0.41021,-0.30832,0.85829,-0.67999,-0.52374,-0.51314
-0.34614,-0.79685,-0.4952,0.88735,-0.10667,-0.44859,0.30464,-0.59469,0.744,0.46422,-0.7291,-0.50291,0.47211,-0.27672,0.83698,-0.74941,-0.62597,0.21576,-0.10893,-0.77147,-0.62687,0.56999,-0.56513,0.59645,-0.8144,-0.29234,0.50129,0.60789,-0.79401,0.0044386,-0.41055,-0.30952,0.8577,-0.67965,-0.52321,-0.51413
-0.34648,-0.79634,-0.49578,0.88721,-0.10655,-0.44889,0.30464,-0.59539,0.74344,0.46422,-0.7286,-0.50362,0.47188,-0.27774,0.83677,-0.74955,-0.6261,0.21488,-0.10889,-0.77061,-0.62794,0.5698,-0.566,0.5958,-0.81454,-0.29292,0.50072,0.60804,-0.7939,0.003759,-0.411,-0.31072,0.85705,-0.67924,-0.52266,-0.51522
-0.3467,-0.79585,-0.4964,0.88718,-0.10646,-0.44897,0.30446,-0.59606,0.74298,0.4642,-0.72824,-0.50418,0.47142,-0.27877,0.83669,-0.74986,-0.62607,0.2139,-0.10873,-0.76977,-0.62899,0.5695,-0.56685,0.59528,-0.81477,-0.29348,0.50001,0.60818,-0.79379,0.0032687,-0.41164,-0.31186,0.85633,-0.67873,-0.52214,-0.51642
-0.34687,-0.79546,-0.49691,0.88719,-0.10641,-0.44897,0.30426,-0.59659,0.74263,0.4642,-0.728,-0.50451,0.47076,-0.2797,0.83675,-0.75026,-0.62593,0.21288,-0.10852,-0.76906,-0.6299,0.56917,-0.56757,0.59491,-0.81503,-0.29396,0.49932,0.60832,-0.79369,0.0028846,-0.41226,-0.31287,0.85566,-0.67822,-0.52171,-0.51753
-0.347,-0.7951,-0.4974,0.88718,-0.10629,-0.44901,0.30414,-0.59709,0.74228,0.46417,-0.72779,-0.50484,0.47009,-0.28064,0.83681,-0.7507,-0.62575,0.21186,-0.1083,-0.76841,-0.63073,0.56887,-0.56822,0.59457,-0.81527,-0.29441,0.49866,0.60847,-0.79357,0.0025289,-0.4129,-0.31387,0.85498,-0.6777,-0.52128,-0.51865
-0.34708,-0.7948,-0.49782,0.88716,-0.10611,-0.4491,0.30412,-0.59752,0.74195,0.46403,-0.72759,-0.50526,0.46964,-0.28156,0.83676,-0.75108,-0.62557,0.21105,-0.10805,-0.76777,-0.63155,0.5686,-0.56884,0.59424,-0.81549,-0.29489,0.49801,0.60855,-0.79351,0.0021643,-0.41353,-0.31481,0.85434,-0.67725,-0.5208,-0.51972
-0.34713,-0.79454,-0.49821,0.88712,-0.1059,-0.44922,0.30416,-0.59791,0.74161,0.46386,-0.72736,-0.50575,0.46934,-0.28241,0.83664,-0.75136,-0.62545,0.21038,-0.10784,-0.76722,-0.63226,0.56842,-0.56935,0.59392,-0.81564,-0.29534,0.4975,0.60862,-0.79346,0.0018078,-0.41411,-0.31569,0.85373,-0.67683,-0.52034,-0.52071
-0.34721,-0.79426,-0.4986,0.88707,-0.10569,-0.44938,0.30422,-0.59832,0.74126,0.46368,-0.7271,-0.50628,0.46924,-0.28318,0.83644,-0.75154,-0.6254,0.20988,-0.10772,-0.76669,-0.63292,0.56833,-0.56983,0.59354,-0.81572,-0.29577,0.49712,0.60869,-0.7934,0.0013188,-0.4145,-0.31659,0.85321,-0.67652,-0.51989,-0.52157
-0.34749,-0.79393,-0.49892,0.88691,-0.10558,-0.44971,0.30436,-0.59877,0.74084,0.46342,-0.72688,-0.50684,0.46915,-0.28397,0.83621,-0.75176,-0.6253,0.20942,-0.1077,-0.76611,-0.63362,0.56827,-0.57039,0.59306,-0.81576,-0.2962,0.49679,0.60886,-0.79328,0.00088137,-0.41475,-0.31739,0.85279,-0.67622,-0.51959,-0.52226
-0.34781,-0.79355,-0.49931,0.88678,-0.10554,-0.44998,0.30439,-0.59928,0.74041,0.4631,-0.72672,-0.50736,0.46896,-0.28484,0.83603,-0.75207,-0.6251,0.20889,-0.1077,-0.76542,-0.63446,0.56818,-0.57107,0.5925,-0.81583,-0.29668,0.4964,0.60896,-0.7932,0.00040113,-0.41503,-0.31819,0.85235,-0.67596,-0.51921,-0.52297
-0.34808,-0.79322,-0.49965,0.88665,-0.10546,-0.45025,0.30445,-0.59974,0.74001,0.46284,-0.72656,-0.50782,0.46877,-0.2856,0.83587,-0.75235,-0.62493,0.20841,-0.10773,-0.76478,-0.63522,0.56809,-0.57171,0.59197,-0.81589,-0.29708,0.49605,0.60909,-0.7931,-3.5061e-05,-0.41527,-0.31897,0.85194,-0.67569,-0.5189,-0.52363
-0.34832,-0.79293,-0.49993,0.88654,-0.10542,-0.45048,0.3045,-0.60012,0.73968,0.4625,-0.72647,-0.50826,0.46856,-0.28639,0.83572,-0.75269,-0.62467,0.20794,-0.10785,-0.76424,-0.63585,0.56789,-0.57232,0.59156,-0.81601,-0.2973,0.49573,0.60915,-0.79305,-0.00047388,-0.41555,-0.3197,0.85153,-0.67546,-0.51851,-0.5243
-0.34855,-0.79269,-0.50015,0.8864,-0.10532,-0.45079,0.30466,-0.60045,0.73935,0.46222,-0.72635,-0.5087,0.46842,-0.2871,0.83556,-0.75295,-0.62449,0.20753,-0.10799,-0.76368,-0.6365,0.56774,-0.57294,0.59111,-0.81609,-0.29753,0.49544,0.60916,-0.79305,-0.00095999,-0.41578,-0.3204,0.85116,-0.67532,-0.51809,-0.52491
-0.34882,-0.7925,-0.50027,0.8862,-0.10524,-0.4512,0.30493,-0.60072,0.73902,0.46198,-0.72618,-0.50915,0.46833,-0.28777,0.83538,-0.75315,-0.62438,0.20715,-0.10821,-0.76318,-0.63706,0.56763,-0.57353,0.59065,-0.81614,-0.2977,0.49526,0.60918,-0.79303,-0.0014336,-0.41596,-0.32107,0.85082,-0.67518,-0.51771,-0.52546
-0.34919,-0.79232,-0.50029,0.88593,-0.10521,-0.45173,0.30528,-0.60096,0.73868,0.46161,-0.726,-0.50975,0.46847,-0.28846,0.83506,-0.7533,-0.62427,0.20695,-0.10863,-0.76266,-0.63761,0.56761,-0.57415,0.59006,-0.8161,-0.29781,0.49526,0.6092,-0.79301,-0.0020054,-0.41603,-0.32175,0.85053,-0.67512,-0.51731,-0.52593
-0.34953,-0.79217,-0.50029,0.88569,-0.10522,-0.45219,0.30557,-0.60116,0.7384,0.46126,-0.72578,-0.51038,0.46852,-0.28925,0.83476,-0.75348,-0.62416,0.20662,-0.10907,-0.76212,-0.63818,0.56754,-0.57482,0.58947,-0.81609,-0.2979,0.49523,0.60917,-0.79304,-0.002577,-0.4161,-0.32239,0.85025,-0.67511,-0.51687,-0.52637
-0.34987,-0.79203,-0.50028,0.88546,-0.10524,-0.45264,0.30586,-0.60134,0.73813,0.46091,-0.72562,-0.51093,0.46847,-0.29004,0.83452,-0.75373,-0.62398,0.20625,-0.1095,-0.76155,-0.63879,0.56739,-0.57556,0.5889,-0.81614,-0.29795,0.49512,0.60907,-0.79311,-0.0031257,-0.41622,-0.32299,0.84996,-0.67512,-0.51638,-0.52684
-0.35018,-0.7919,-0.50027,0.88528,-0.10532,-0.45297,0.30602,-0.6015,0.73794,0.46054,-0.72554,-0.51137,0.46847,-0.29066,0.8343,-0.75395,-0.62379,0.20604,-0.11011,-0.76095,-0.6394,0.56751,-0.57626,0.58809,-0.81597,-0.29811,0.4953,0.60896,-0.79319,-0.0036027,-0.41644,-0.32358,0.84963,-0.67509,-0.51589,-0.52736
-0.3504,-0.79186,-0.50018,0.88516,-0.10542,-0.4532,0.30614,-0.60154,0.73785,0.46021,-0.72554,-0.51167,0.46839,-0.29117,0.83416,-0.7542,-0.62355,0.20584,-0.11069,-0.76043,-0.63991,0.56755,-0.57692,0.5874,-0.81586,-0.29816,0.49544,0.60853,-0.79352,-0.0039915,-0.41673,-0.32385,0.84939,-0.6753,-0.51521,-0.52775
-0.35054,-0.79191,-0.5,0.88507,-0.10554,-0.45334,0.30623,-0.60145,0.73789,0.45989,-0.72565,-0.51179,0.46826,-0.29152,0.83412,-0.75448,-0.62325,0.20573,-0.11108,-0.76002,-0.64033,0.5672,-0.57756,0.58712,-0.81606,-0.29798,0.49524,0.60813,-0.79383,-0.0041765,-0.41709,-0.32399,0.84915,-0.67544,-0.51465,-0.52813
-0.35075,-0.79199,-0.49973,0.88499,-0.10583,-0.45342,0.30622,-0.60129,0.73802,0.4596,-0.72587,-0.51175,0.46788,-0.29189,0.8342,-0.75489,-0.62283,0.20547,-0.11152,-0.75968,-0.64066,0.5668,-0.57816,0.58691,-0.81627,-0.29767,0.49507,0.60765,-0.79419,-0.0042411,-0.41755,-0.32401,0.84892,-0.67558,-0.51408,-0.5285
-0.35101,-0.79205,-0.49944,0.88486,-0.10611,-0.45361,0.30628,-0.60116,0.7381,0.45926,-0.72606,-0.51178,0.46747,-0.29237,0.83426,-0.75535,-0.62239,0.20513,-0.11208,-0.75937,-0.64093,0.56643,-0.57877,0.58666,-0.81645,-0.29729,0.495,0.60716,-0.79457,-0.0044107,-0.4179,-0.32404,0.84874,-0.67581,-0.51348,-0.52879
-0.35128,-0.79219,-0.49903,0.88471,-0.10643,-0.45382,0.3064,-0.60092,0.73825,0.45904,-0.72624,-0.51173,0.46704,-0.29272,0.83438,-0.75575,-0.62201,0.20481,-0.11265,-0.7591,-0.64116,0.566,-0.57937,0.58649,-0.81667,-0.29683,0.49492,0.60663,-0.79497,-0.0044544,-0.4183,-0.32395,0.84857,-0.67604,-0.5129,-0.52906
-0.35148,-0.7924,-0.49856,0.88457,-0.10669,-0.45404,0.30659,-0.6006,0.73843,0.45876,-0.7265,-0.5116,0.46656,-0.29306,0.83453,-0.75622,-0.62154,0.20451,-0.11322,-0.75891,-0.64127,0.56564,-0.57986,0.58636,-0.81684,-0.29634,0.49493,0.60608,-0.79539,-0.0044285,-0.41874,-0.3238,0.84842,-0.67625,-0.51236,-0.52931
-0.35165,-0.79268,-0.498,0.88443,-0.10698,-0.45424,0.30679,-0.60018,0.73869,0.45842,-0.72685,-0.5114,0.46606,-0.29334,0.83471,-0.75672,-0.621,0.20429,-0.1138,-0.75881,-0.64129,0.56523,-0.58029,0.58632,-0.81704,-0.29576,0.49494,0.60582,-0.79559,-0.0043266,-0.41918,-0.3238,0.8482,-0.67622,-0.51204,-0.52966
-0.35186,-0.79297,-0.49738,0.88428,-0.10732,-0.45446,0.307,-0.59973,0.73897,0.458,-0.72725,-0.51122,0.46567,-0.29359,0.83484,-0.75722,-0.62042,0.20419,-0.11446,-0.75875,-0.64124,0.5649,-0.58068,0.58626,-0.81718,-0.29514,0.49509,0.6055,-0.79584,-0.0041991,-0.41957,-0.32369,0.84805,-0.67627,-0.51173,-0.5299
-0.35206,-0.79328,-0.49675,0.88408,-0.10757,-0.45479,0.30734,-0.59928,0.73919,0.45754,-0.72756,-0.51119,0.46555,-0.29379,0.83484,-0.75758,-0.61995,0.20429,-0.11524,-0.75861,-0.64127,0.56465,-0.58116,0.58603,-0.81725,-0.29455,0.49532,0.60527,-0.79601,-0.0042172,-0.41977,-0.32368,0.84795,-0.67634,-0.51147,-0.53006
-0.35239,-0.79358,-0.49604,0.88384,-0.10797,-0.45516,0.30765,-0.59881,0.73944,0.45696,-0.72803,-0.51104,0.46548,-0.29386,0.83485,-0.75797,-0.61937,0.20459,-0.11606,-0.75861,-0.64112,0.56428,-0.58156,0.58598,-0.81738,-0.29376,0.49557,0.60495,-0.79625,-0.0041149,-0.41999,-0.32347,0.84792,-0.67649,-0.51122,-0.5301
-0.35271,-0.79386,-0.49537,0.88365,-0.10841,-0.45543,0.30785,-0.59836,0.73973,0.45637,-0.72853,-0.51086,0.46545,-0.29386,0.83487,-0.75834,-0.61879,0.20499,-0.11691,-0.75861,-0.64097,0.56395,-0.58196,0.5859,-0.81749,-0.29297,0.49586,0.60463,-0.79649,-0.0040159,-0.42018,-0.32324,0.84792,-0.67666,-0.51099,-0.53011
-0.35299,-0.79412,-0.49474,0.88341,-0.10871,-0.45581,0.30818,-0.59795,0.73992,0.45583,-0.72891,-0.51078,0.46549,-0.29391,0.83483,-0.75864,-0.61831,0.20533,-0.11771,-0.75856,-0.64088,0.5637,-0.58235,0.58575,-0.81755,-0.29232,0.49615,0.60398,-0.79699,-0.0041112,-0.42026,-0.32286,0.84802,-0.67719,-0.51046,-0.52994
-0.35314,-0.79446,-0.49408,0.88325,-0.10897,-0.45607,0.30849,-0.59745,0.74019,0.45532,-0.72932,-0.51065,0.46552,-0.29389,0.83482,-0.75892,-0.61783,0.2057,-0.11843,-0.75858,-0.64073,0.56343,-0.58267,0.5857,-0.81763,-0.29163,0.49641,0.60336,-0.79746,-0.0040701,-0.42039,-0.3224,0.84814,-0.67766,-0.51002,-0.52976
-0.35333,-0.7948,-0.49341,0.88305,-0.10923,-0.45639,0.30884,-0.59697,0.74044,0.45482,-0.72969,-0.51058,0.46554,-0.29394,0.83479,-0.75922,-0.61737,0.20601,-0.11918,-0.75856,-0.64061,0.56318,-0.58302,0.5856,-0.8177,-0.29098,0.49669,0.60271,-0.79795,-0.0040518,-0.42051,-0.32193,0.84826,-0.67817,-0.50955,-0.52957
-0.35355,-0.79516,-0.49268,0.88278,-0.10943,-0.45687,0.30937,-0.59645,0.74064,0.45434,-0.73003,-0.51052,0.46562,-0.29396,0.83474,-0.75945,-0.61696,0.20636,-0.11995,-0.75862,-0.6404,0.563,-0.58328,0.5855,-0.8177,-0.29032,0.49707,0.60211,-0.7984,-0.0041119,-0.42045,-0.32145,0.84846,-0.67873,-0.50914,-0.52924
-0.35378,-0.79553,-0.49191,0.88246,-0.10958,-0.45744,0.31,-0.59593,0.74079,0.45375,-0.73036,-0.51058,0.46588,-0.294,0.83458,-0.75965,-0.61655,0.20685,-0.12085,-0.75868,-0.64016,0.56295,-0.58354,0.58529,-0.81761,-0.28965,0.49762,0.60155,-0.79882,-0.0042143,-0.42029,-0.32097,0.84872,-0.67933,-0.50878,-0.52882
-0.35398,-0.79587,-0.49122,0.88214,-0.10965,-0.45804,0.31068,-0.59546,0.74088,0.45324,-0.73061,-0.51067,0.46615,-0.29404,0.83441,-0.75979,-0.61624,0.2073,-0.12168,-0.75868,-0.64001,0.56295,-0.58381,0.58503,-0.81749,-0.2891,0.49813,0.60105,-0.7992,-0.004464,-0.4201,-0.32069,0.84892,-0.67989,-0.50837,-0.52849
-0.35419,-0.79616,-0.49058,0.88186,-0.10976,-0.45857,0.31125,-0.59504,0.74098,0.45272,-0.73088,-0.51074,0.46633,-0.29414,0.83428,-0.75999,-0.61587,0.20767,-0.12246,-0.75865,-0.63989,0.5629,-0.5841,0.58478,-0.8174,-0.28858,0.49857,0.60048,-0.79962,-0.0046473,-0.41999,-0.32033,0.84912,-0.68046,-0.50793,-0.52819
-0.35436,-0.79645,-0.49,0.88161,-0.10984,-0.45902,0.31176,-0.59465,0.74108,0.45228,-0.73111,-0.5108,0.46651,-0.2942,0.83415,-0.76014,-0.61557,0.20801,-0.12319,-0.75862,-0.63978,0.5629,-0.58436,0.58452,-0.81729,-0.28812,0.49902,0.59993,-0.80004,-0.0048214,-0.41984,-0.31995,0.84933,-0.68104,-0.50752,-0.52783
-0.35453,-0.79675,-0.48939,0.88133,-0.10991,-0.45954,0.31235,-0.59424,0.74116,0.45189,-0.7313,-0.51088,0.46679,-0.29418,0.834,-0.7602,-0.61535,0.20842,-0.12396,-0.75864,-0.63961,0.563,-0.58456,0.58423,-0.81711,-0.28767,0.49957,0.59941,-0.80043,-0.0050117,-0.41967,-0.31959,0.84955,-0.68161,-0.50712,-0.52748
-0.35463,-0.79711,-0.48872,0.88111,-0.11,-0.45994,0.31286,-0.59372,0.74136,0.45156,-0.73159,-0.51075,0.46695,-0.29402,0.83397,-0.7603,-0.61509,0.20885,-0.1247,-0.75875,-0.63933,0.56308,-0.58467,0.58404,-0.81694,-0.28717,0.50015,0.59886,-0.80084,-0.0050184,-0.41954,-0.31905,0.84982,-0.68217,-0.50681,-0.52705
-0.35467,-0.79752,-0.48803,0.88094,-0.11013,-0.46024,0.31331,-0.59315,0.74162,0.45126,-0.73194,-0.51052,0.46699,-0.29381,0.83403,-0.76046,-0.61476,0.20922,-0.1254,-0.75892,-0.639,0.56304,-0.58475,0.58399,-0.81686,-0.28655,0.50063,0.59829,-0.80126,-0.004857,-0.41955,-0.31843,0.85005,-0.68266,-0.50654,-0.52668
-0.35466,-0.79794,-0.48735,0.88082,-0.11028,-0.46043,0.31365,-0.59256,0.74196,0.45094,-0.73234,-0.51023,0.46695,-0.29361,0.83412,-0.76066,-0.61439,0.20956,-0.126,-0.75908,-0.63868,0.5629,-0.58484,0.58404,-0.81686,-0.28593,0.50098,0.59773,-0.80169,-0.0046422,-0.41959,-0.31777,0.85027,-0.68313,-0.50628,-0.52632
-0.35461,-0.79832,-0.48676,0.88073,-0.11039,-0.46058,0.31396,-0.59203,0.74225,0.45064,-0.73268,-0.51001,0.46691,-0.29348,0.83418,-0.76087,-0.61404,0.20984,-0.12657,-0.75924,-0.63839,0.5628,-0.58492,0.58407,-0.81685,-0.28536,0.50133,0.59716,-0.80211,-0.004431,-0.41964,-0.31711,0.85049,-0.6836,-0.50602,-0.52597
-0.35452,-0.79873,-0.48616,0.88065,-0.11046,-0.46072,0.31429,-0.59147,0.74256,0.45033,-0.73298,-0.50984,0.46692,-0.29339,0.83421,-0.76104,-0.61373,0.21012,-0.12706,-0.75944,-0.63805,0.56271,-0.58492,0.58415,-0.81683,-0.28481,0.50166,0.59662,-0.80251,-0.0042166,-0.41974,-0.31652,0.85067,-0.684,-0.50576,-0.52569
-0.35443,-0.79911,-0.48559,0.88055,-0.11047,-0.4609,0.31467,-0.59095,0.74281,0.45,-0.73324,-0.50977,0.46701,-0.29334,0.83418,-0.76119,-0.61345,0.21043,-0.12763,-0.75958,-0.63777,0.56269,-0.58498,0.5841,-0.81675,-0.28431,0.50207,0.59608,-0.80291,-0.0041051,-0.41973,-0.31596,0.85088,-0.68448,-0.50547,-0.52534
-0.35442,-0.79945,-0.48504,0.88039,-0.11049,-0.46119,0.3151,-0.59048,0.74299,0.44963,-0.7335,-0.50972,0.46718,-0.29326,0.83411,-0.7613,-0.61317,0.21081,-0.12826,-0.75969,-0.63751,0.56269,-0.58508,0.584,-0.81666,-0.28382,0.50251,0.59558,-0.80329,-0.004005,-0.41969,-0.31541,0.8511,-0.68495,-0.50522,-0.52498
-0.35433,-0.7998,-0.48453,0.88029,-0.11046,-0.4614,0.31551,-0.59002,0.74319,0.44932,-0.73374,-0.50964,0.4672,-0.29324,0.8341,-0.76146,-0.61289,0.21104,-0.12876,-0.75978,-0.6373,0.5626,-0.58519,0.58398,-0.81664,-0.28335,0.5028,0.59507,-0.80366,-0.0039112,-0.41972,-0.31492,0.85127,-0.68536,-0.50492,-0.52472
-0.35414,-0.80014,-0.48411,0.88031,-0.1105,-0.46134,0.31564,-0.58955,0.74351,0.44917,-0.73399,-0.50941,0.46713,-0.29309,0.8342,-0.7616,-0.61266,0.21122,-0.12912,-0.75989,-0.6371,0.56241,-0.58527,0.58408,-0.81672,-0.28289,0.50294,0.59457,-0.80404,-0.0036833,-0.41988,-0.31439,0.85139,-0.6857,-0.50466,-0.52452
-0.35393,-0.8005,-0.48367,0.88038,-0.1106,-0.46119,0.31569,-0.58904,0.74389,0.44898,-0.73441,-0.50897,0.46695,-0.29279,0.8344,-0.76182,-0.6123,0.21148,-0.12878,-0.76005,-0.63697,0.56227,-0.58506,0.58443,-0.81686,-0.28289,0.5027,0.59397,-0.80448,-0.0032216,-0.42025,-0.31369,0.85146,-0.68599,-0.50439,-0.52441
-0.35366,-0.80096,-0.48311,0.88047,-0.11072,-0.46099,0.31574,-0.58839,0.74438,0.44891,-0.73486,-0.50839,0.46663,-0.29242,0.83471,-0.76206,-0.61194,0.21164,-0.129,-0.76031,-0.63662,0.56189,-0.58502,0.58483,-0.81709,-0.28227,0.50268,0.59338,-0.80492,-0.0026514,-0.42068,-0.31293,0.85153,-0.68624,-0.50417,-0.5243
-0.35345,-0.8014,-0.48252,0.88049,-0.1108,-0.46094,0.31593,-0.58777,0.74479,0.44876,-0.73525,-0.50797,0.46642,-0.29215,0.83492,-0.76228,-0.6116,0.21183,-0.12933,-0.76055,-0.63627,0.56162,-0.58501,0.58511,-0.81722,-0.28167,0.5028,0.59281,-0.80534,-0.0022141,-0.42097,-0.31222,0.85165,-0.68656,-0.50393,-0.52411
-0.35337,-0.80186,-0.48182,0.88042,-0.11097,-0.46102,0.3162,-0.58712,0.74519,0.44847,-0.73563,-0.50766,0.46633,-0.29197,0.83504,-0.7625,-0.61123,0.21211,-0.12988,-0.76082,-0.63583,0.56143,-0.58499,0.5853,-0.81727,-0.28096,0.50313,0.59221,-0.80578,-0.0018302,-0.42117,-0.31148,0.85182,-0.68695,-0.50369,-0.52383
-0.35331,-0.80231,-0.48111,0.88027,-0.11103,-0.46129,0.31668,-0.58649,0.74548,0.44818,-0.73595,-0.50745,0.46629,-0.29186,0.8351,-0.7627,-0.6109,0.21236,-0.13047,-0.76105,-0.63544,0.56136,-0.585,0.58537,-0.81722,-0.28034,0.50355,0.59172,-0.80614,-0.001544,-0.4212,-0.31079,0.85206,-0.68736,-0.50353,-0.52345
-0.3533,-0.80268,-0.48051,0.88011,-0.11105,-0.4616,0.31716,-0.58598,0.74568,0.44787,-0.73621,-0.50736,0.46628,-0.29185,0.83511,-0.76289,-0.61059,0.21257,-0.13107,-0.76115,-0.63519,0.5613,-0.5851,0.58532,-0.81717,-0.27982,0.50392,0.59166,-0.80619,-0.0013381,-0.42122,-0.31054,0.85214,-0.6874,-0.50361,-0.52332
-0.35326,-0.80299,-0.48002,0.87994,-0.11098,-0.46193,0.31765,-0.58557,0.74579,0.44765,-0.73636,-0.50734,0.46634,-0.29185,0.83508,-0.76298,-0.61041,0.21274,-0.13165,-0.76117,-0.63504,0.56128,-0.58528,0.58517,-0.81709,-0.2794,0.50428,0.59156,-0.80626,-0.0012593,-0.42119,-0.31036,0.85222,-0.6875,-0.50361,-0.52319
-0.35323,-0.80328,-0.47955,0.87982,-0.11099,-0.46216,0.31802,-0.58517,0.74595,0.44745,-0.73652,-0.50727,0.46633,-0.29185,0.83508,-0.7631,-0.61021,0.21287,-0.13221,-0.76118,-0.63492,0.56118,-0.58548,0.58506,-0.81707,-0.27895,0.50457,0.59142,-0.80636,-0.0012566,-0.4212,-0.31026,0.85225,-0.68761,-0.50351,-0.52313
-0.35313,-0.80365,-0.479,0.87972,-0.11097,-0.46237,0.31843,-0.58466,0.74617,0.44726,-0.73677,-0.50709,0.46638,-0.29166,0.83512,-0.76318,-0.61001,0.21317,-0.13275,-0.76127,-0.63471,0.56103,-0.58562,0.58506,-0.81708,-0.27842,0.50483,0.5913,-0.80645,-0.0011035,-0.42126,-0.31004,0.8523,-0.68768,-0.5035,-0.52305
-0.35301,-0.80408,-0.47838,0.87963,-0.111,-0.46253,0.31881,-0.58407,0.74647,0.4474,-0.73691,-0.50675,0.46636,-0.29125,0.83527,-0.76311,-0.61003,0.21336,-0.13333,-0.7614,-0.63443,0.56083,-0.58575,0.58512,-0.81713,-0.27779,0.50511,0.59114,-0.80657,-0.00083989,-0.42143,-0.30976,0.85232,-0.68771,-0.50349,-0.52302
-0.3529,-0.80453,-0.47769,0.87957,-0.11114,-0.46261,0.3191,-0.58341,0.74686,0.44756,-0.73712,-0.5063,0.46622,-0.2908,0.83551,-0.7631,-0.60999,0.21351,-0.13381,-0.7616,-0.63409,0.56058,-0.5858,0.5853,-0.81722,-0.27714,0.50532,0.59096,-0.8067,-0.00041026,-0.42173,-0.30938,0.85231,-0.68768,-0.50351,-0.52304
-0.35267,-0.80501,-0.47705,0.87963,-0.11129,-0.46246,0.31919,-0.58272,0.74736,0.44752,-0.73753,-0.50573,0.46591,-0.29041,0.83581,-0.76331,-0.60967,0.21366,-0.13417,-0.76182,-0.63374,0.56011,-0.58587,0.58569,-0.81748,-0.27638,0.50531,0.59078,-0.80683,0.00020238,-0.42225,-0.30897,0.8522,-0.68752,-0.50355,-0.52321
-0.35238,-0.80543,-0.47656,0.87979,-0.11148,-0.46211,0.31907,-0.58211,0.74789,0.4476,-0.7379,-0.50513,0.46538,-0.29013,0.83621,-0.76359,-0.60937,0.21355,-0.13448,-0.76198,-0.63348,0.55952,-0.58601,0.58611,-0.81783,-0.27562,0.50515,0.59052,-0.80702,0.00082709,-0.4229,-0.30857,0.85202,-0.68734,-0.50349,-0.52351
-0.35204,-0.80589,-0.47603,0.87997,-0.11167,-0.46172,0.31894,-0.58144,0.74847,0.44771,-0.73832,-0.50442,0.46478,-0.28977,0.83667,-0.76389,-0.60903,0.21342,-0.13475,-0.76221,-0.63315,0.55891,-0.58609,0.58661,-0.81821,-0.27483,0.50498,0.59028,-0.8072,0.0015488,-0.42361,-0.30813,0.85183,-0.68712,-0.50347,-0.52382
-0.35166,-0.80641,-0.47544,0.88021,-0.11193,-0.46119,0.31869,-0.58067,0.74917,0.44787,-0.73883,-0.50353,0.46407,-0.28928,0.83723,-0.76424,-0.60864,0.21331,-0.13496,-0.7626,-0.63264,0.55821,-0.58604,0.58734,-0.81865,-0.27388,0.50478,0.58959,-0.8077,0.0024785,-0.4244,-0.30718,0.85178,-0.68722,-0.50325,-0.5239
-0.35117,-0.80698,-0.47482,0.88048,-0.11213,-0.46062,0.31847,-0.57983,0.74991,0.448,-0.73937,-0.50261,0.46336,-0.28876,0.8378,-0.76458,-0.60823,0.21323,-0.13516,-0.76304,-0.63207,0.55748,-0.58593,0.58813,-0.81911,-0.27287,0.50457,0.58888,-0.80822,0.0034175,-0.42523,-0.30623,0.85171,-0.68732,-0.503,-0.52401
-0.35074,-0.80754,-0.4742,0.8807,-0.1123,-0.46017,0.31835,-0.57902,0.75059,0.44811,-0.73989,-0.50176,0.46276,-0.28824,0.83831,-0.76489,-0.60785,0.21323,-0.1354,-0.76343,-0.63154,0.55684,-0.58585,0.58881,-0.81951,-0.27195,0.50443,0.58818,-0.80872,0.0043252,-0.42599,-0.30527,0.85167,-0.68744,-0.50278,-0.52406
-0.35035,-0.80814,-0.47346,0.88087,-0.11251,-0.45979,0.31831,-0.57815,0.75128,0.44811,-0.74048,-0.50089,0.46232,-0.28761,0.83877,-0.76515,-0.60743,0.21346,-0.13566,-0.76388,-0.63093,0.55627,-0.5857,0.58951,-0.81985,-0.271,0.50439,0.58747,-0.80923,0.0051444,-0.4266,-0.30428,0.85172,-0.68767,-0.50255,-0.52398
-0.34989,-0.80874,-0.47278,0.8811,-0.11269,-0.45932,0.31819,-0.57727,0.75201,0.4481,-0.74112,-0.49996,0.46178,-0.28698,0.83929,-0.76548,-0.60695,0.21364,-0.13591,-0.76435,-0.63032,0.55565,-0.58555,0.59025,-0.82023,-0.27002,0.50429,0.58718,-0.80943,0.0061002,-0.42735,-0.30359,0.85159,-0.68745,-0.50264,-0.52418
-0.34936,-0.80935,-0.47212,0.88139,-0.11289,-0.4587,0.31795,-0.57637,0.7528,0.4481,-0.74175,-0.49901,0.46116,-0.28639,0.83983,-0.76586,-0.60645,0.21373,-0.13612,-0.76482,-0.6297,0.55491,-0.58541,0.59108,-0.8207,-0.26897,0.50409,0.58644,-0.80996,0.0071179,-0.42818,-0.30253,0.85155,-0.68757,-0.50244,-0.52422
-0.3488,-0.80998,-0.47145,0.88169,-0.11306,-0.45807,0.31773,-0.57545,0.7536,0.44849,-0.74222,-0.49797,0.46048,-0.28563,0.84046,-0.76604,-0.60624,0.21367,-0.13619,-0.76532,-0.62908,0.5542,-0.5852,0.59195,-0.82117,-0.26801,0.50384,0.58571,-0.81048,0.0081336,-0.42906,-0.30153,0.85146,-0.68764,-0.5022,-0.52435
-0.34829,-0.8106,-0.47078,0.88197,-0.11326,-0.45749,0.31752,-0.57455,0.75437,0.44861,-0.74281,-0.49698,0.45983,-0.28499,0.84104,-0.76636,-0.60582,0.21372,-0.13637,-0.7658,-0.62845,0.55347,-0.58504,0.5928,-0.82163,-0.26699,0.50362,0.58492,-0.81104,0.009112,-0.43,-0.30056,0.85133,-0.68772,-0.50188,-0.52455
-0.34773,-0.81122,-0.47012,0.88229,-0.11346,-0.45682,0.31724,-0.57363,0.75518,0.44887,-0.74334,-0.49595,0.45911,-0.28431,0.84166,-0.76664,-0.60549,0.21365,-0.13652,-0.76632,-0.62779,0.55269,-0.58484,0.59371,-0.82213,-0.26592,0.50338,0.58421,-0.81154,0.01017,-0.431,-0.2996,0.85116,-0.68771,-0.50164,-0.52481
-0.34713,-0.81179,-0.46957,0.8827,-0.1137,-0.45598,0.31677,-0.57277,0.75604,0.44932,-0.74381,-0.49482,0.45822,-0.28359,0.84238,-0.7669,-0.60524,0.21341,-0.13658,-0.76684,-0.62714,0.55184,-0.58464,0.5947,-0.82269,-0.26485,0.50302,0.58344,-0.81208,0.011263,-0.43211,-0.29865,0.85094,-0.68766,-0.50134,-0.52515
-0.34652,-0.81234,-0.46907,0.88313,-0.11393,-0.45509,0.31625,-0.57195,0.75688,0.44981,-0.74426,-0.4937,0.45725,-0.28293,0.84313,-0.76719,-0.605,0.21305,-0.13656,-0.7673,-0.62658,0.55094,-0.58449,0.59568,-0.82329,-0.26387,0.50255,0.58259,-0.81267,0.012328,-0.43327,-0.2977,0.85067,-0.68765,-0.50093,-0.52555
-0.34589,-0.81287,-0.46862,0.88352,-0.11405,-0.45429,0.31584,-0.57117,0.75764,0.45029,-0.7447,-0.4926,0.45629,-0.28229,0.84387,-0.76749,-0.60476,0.21269,-0.13657,-0.76773,-0.62604,0.5501,-0.58435,0.5966,-0.82386,-0.26291,0.50213,0.58174,-0.81327,0.013293,-0.4344,-0.29683,0.85041,-0.68766,-0.50049,-0.52596
-0.3453,-0.81338,-0.46817,0.88384,-0.11409,-0.45367,0.31559,-0.57044,0.75829,0.45062,-0.74508,-0.49172,0.45543,-0.28187,0.84447,-0.76781,-0.60448,0.21231,-0.13667,-0.7681,-0.62557,0.54939,-0.58425,0.59735,-0.82432,-0.26204,0.50184,0.5809,-0.81386,0.014048,-0.43535,-0.29606,0.85019,-0.68777,-0.49999,-0.52629
-0.34476,-0.8139,-0.46767,0.88408,-0.11408,-0.45319,0.3155,-0.5697,0.75888,0.45077,-0.74552,-0.49093,0.45476,-0.28145,0.84497,-0.76811,-0.60414,0.21217,-0.13692,-0.7685,-0.62503,0.54877,-0.58414,0.59802,-0.82468,-0.26112,0.50171,0.58004,-0.81446,0.014662,-0.43612,-0.29529,0.85006,-0.68801,-0.49946,-0.52648
-0.34427,-0.81444,-0.46708,0.88418,-0.11394,-0.45304,0.31575,-0.56895,0.75934,0.45079,-0.74587,-0.49037,0.45443,-0.28107,0.84528,-0.7683,-0.60388,0.21225,-0.13721,-0.76888,-0.62449,0.54848,-0.58396,0.59847,-0.82483,-0.26041,0.50185,0.57926,-0.815,0.015088,-0.43669,-0.29464,0.85,-0.68831,-0.49896,-0.52657
-0.34389,-0.81492,-0.46653,0.88418,-0.11372,-0.4531,0.31619,-0.56831,0.75964,0.45067,-0.74612,-0.49011,0.45442,-0.28083,0.84536,-0.76838,-0.60369,0.21249,-0.13763,-0.7692,-0.62401,0.54832,-0.58383,0.59874,-0.82487,-0.25975,0.50212,0.57851,-0.81553,0.015302,-0.43704,-0.29407,0.85001,-0.68872,-0.49843,-0.52654
-0.34368,-0.81533,-0.46596,0.88408,-0.11358,-0.45333,0.31669,-0.56775,0.75985,0.45041,-0.74632,-0.49004,0.45459,-0.28069,0.84532,-0.76843,-0.6035,0.21284,-0.13761,-0.76937,-0.6238,0.54839,-0.58364,0.59886,-0.82482,-0.25968,0.50223,0.57775,-0.81607,0.015435,-0.4373,-0.29352,0.85007,-0.68918,-0.49787,-0.52645
-0.3435,-0.81539,-0.46599,0.88399,-0.11318,-0.45359,0.31712,-0.56774,0.75968,0.45021,-0.7464,-0.49011,0.4548,-0.28067,0.84521,-0.76842,-0.60342,0.2131,-0.13762,-0.7694,-0.62376,0.5485,-0.58358,0.59882,-0.82475,-0.25972,0.50233,0.57701,-0.81659,0.015418,-0.4375,-0.29309,0.85012,-0.68968,-0.49727,-0.52637
-0.34343,-0.81542,-0.46598,0.88388,-0.11289,-0.45388,0.3175,-0.56775,0.75951,0.45001,-0.74648,-0.49017,0.455,-0.28064,0.84511,-0.76842,-0.60333,0.21336,-0.13761,-0.76941,-0.62376,0.54865,-0.58352,0.59873,-0.82465,-0.25983,0.50244,0.57632,-0.81708,0.015399,-0.43762,-0.29265,0.8502,-0.69018,-0.49672,-0.52623
-0.34351,-0.81536,-0.46604,0.88375,-0.11272,-0.45418,0.31779,-0.56787,0.75929,0.44985,-0.74651,-0.49026,0.45518,-0.28065,0.84501,-0.7684,-0.60329,0.21355,-0.1377,-0.76936,-0.6238,0.54868,-0.58359,0.59864,-0.82461,-0.25984,0.50249,0.57567,-0.81754,0.015323,-0.43758,-0.29218,0.85038,-0.69075,-0.49624,-0.52594
-0.34364,-0.81524,-0.46615,0.88361,-0.11259,-0.45449,0.31804,-0.56807,0.75904,0.44968,-0.74652,-0.49041,0.45534,-0.28075,0.84489,-0.76841,-0.60323,0.21367,-0.13786,-0.76918,-0.62398,0.54871,-0.5838,0.59842,-0.82457,-0.25989,0.50254,0.57513,-0.81793,0.015126,-0.4375,-0.2919,0.85052,-0.69125,-0.49577,-0.52572
-0.34377,-0.81546,-0.46567,0.88342,-0.11269,-0.45483,0.31842,-0.56774,0.75913,0.44964,-0.74643,-0.49058,0.45551,-0.28083,0.84477,-0.76833,-0.60331,0.21374,-0.13802,-0.76896,-0.62422,0.54877,-0.58404,0.59813,-0.8245,-0.26,0.50259,0.57462,-0.81828,0.014969,-0.43743,-0.29161,0.85066,-0.69171,-0.49535,-0.52551
-0.34397,-0.81563,-0.46522,0.88321,-0.11283,-0.45521,0.31879,-0.56747,0.75918,0.44962,-0.74633,-0.49075,0.45573,-0.28085,0.84465,-0.76822,-0.60342,0.21384,-0.13823,-0.76874,-0.62445,0.54878,-0.58431,0.59785,-0.82446,-0.26004,0.50264,0.57409,-0.81866,0.01485,-0.43736,-0.29127,0.85081,-0.69219,-0.49494,-0.52527
-0.3442,-0.81589,-0.4646,0.88295,-0.11301,-0.45567,0.31927,-0.56706,0.75928,0.4495,-0.74631,-0.49088,0.45599,-0.28083,0.84452,-0.76813,-0.60345,0.21408,-0.13845,-0.76851,-0.62467,0.54887,-0.58456,0.59752,-0.82436,-0.26014,0.50275,0.57364,-0.81897,0.014725,-0.43722,-0.29095,0.85099,-0.69265,-0.4946,-0.52498
-0.34446,-0.81607,-0.46409,0.88264,-0.11311,-0.45623,0.31982,-0.56678,0.75926,0.44943,-0.74617,-0.49116,0.45635,-0.28089,0.8443,-0.76796,-0.60359,0.21427,-0.13877,-0.76818,-0.62501,0.54901,-0.58494,0.59702,-0.82421,-0.26029,0.50291,0.57325,-0.81925,0.014499,-0.43707,-0.29077,0.85113,-0.69307,-0.49425,-0.52475
-0.3449,-0.81618,-0.46356,0.88228,-0.11335,-0.45686,0.32034,-0.56656,0.7592,0.44932,-0.74596,-0.49159,0.45676,-0.28109,0.84401,-0.76778,-0.60377,0.21443,-0.13978,-0.76788,-0.62515,0.54893,-0.58555,0.59649,-0.82409,-0.25979,0.50337,0.57279,-0.81958,0.014134,-0.43685,-0.29063,0.85129,-0.69359,-0.49379,-0.5245
-0.34527,-0.81635,-0.46299,0.88193,-0.11353,-0.45751,0.32093,-0.56629,0.75916,0.44923,-0.74577,-0.49196,0.45723,-0.28117,0.84373,-0.76755,-0.60397,0.21468,-0.14071,-0.76758,-0.62532,0.54895,-0.58611,0.59593,-0.82393,-0.25941,0.50383,0.57238,-0.81987,0.013835,-0.43662,-0.29045,0.85147,-0.69408,-0.49341,-0.52422
-0.34571,-0.81651,-0.46238,0.88155,-0.11378,-0.45818,0.3215,-0.56601,0.75913,0.44908,-0.74555,-0.49243,0.45786,-0.28125,0.84337,-0.76727,-0.6042,0.21505,-0.14167,-0.76729,-0.62545,0.54903,-0.58665,0.59532,-0.82371,-0.25905,0.50438,0.572,-0.82014,0.013489,-0.4363,-0.29028,0.85169,-0.69459,-0.49305,-0.52387
-0.34616,-0.81666,-0.46178,0.88113,-0.11398,-0.45894,0.32216,-0.56576,0.75903,0.44899,-0.74527,-0.49294,0.45852,-0.28133,0.84298,-0.76692,-0.60451,0.21541,-0.14273,-0.76699,-0.62559,0.54916,-0.58721,0.59465,-0.82344,-0.25867,0.50501,0.57164,-0.8204,0.01304,-0.43589,-0.29018,0.85194,-0.69515,-0.49269,-0.52348
-0.34662,-0.81684,-0.46112,0.88069,-0.1142,-0.45971,0.32285,-0.56545,0.75897,0.44886,-0.74501,-0.49344,0.45915,-0.28144,0.8426,-0.76662,-0.60478,0.21575,-0.14391,-0.76669,-0.62568,0.54928,-0.58781,0.59395,-0.82316,-0.25819,0.50572,0.57119,-0.82072,0.012642,-0.4355,-0.28996,0.85221,-0.69577,-0.49228,-0.52304
-0.3471,-0.81705,-0.46037,0.88024,-0.11447,-0.46051,0.32356,-0.56508,0.75894,0.44901,-0.74455,-0.494,0.45988,-0.28145,0.8422,-0.76609,-0.60534,0.21602,-0.14504,-0.76641,-0.62576,0.54943,-0.58836,0.59326,-0.82285,-0.25776,0.50643,0.57124,-0.82069,0.012231,-0.4351,-0.29014,0.85235,-0.69597,-0.49222,-0.52282
-0.34763,-0.81723,-0.45966,0.87976,-0.11472,-0.46137,0.32431,-0.56478,0.75885,0.4489,-0.74419,-0.49463,0.46074,-0.28152,0.8417,-0.76564,-0.60574,0.2165,-0.14621,-0.76613,-0.62583,0.54963,-0.58891,0.59253,-0.82251,-0.25734,0.5072,0.57133,-0.82064,0.011699,-0.43456,-0.29039,0.85254,-0.69623,-0.49217,-0.52253
