0.23926,-0.91158,0.33433,-0.18775,0.29439,0.93706,-0.95263,-0.28697,-0.10071,-0.0055068,-0.99686,-0.079023,-0.23319,-0.075565,0.96949,-0.97242,0.023766,-0.23204
0.23959,-0.9114,0.33458,-0.18675,0.29492,0.93709,-0.95275,-0.287,-0.099543,-0.0056149,-0.99687,-0.078893,-0.2329,-0.075421,0.96957,-0.97248,0.023818,-0.23175
0.24001,-0.9112,0.33483,-0.18586,0.2954,0.93712,-0.95281,-0.28715,-0.098459,-0.0053159,-0.99688,-0.078717,-0.2326,-0.075326,0.96965,-0.97256,0.023464,-0.23148
0.24055,-0.911,0.33498,-0.1851,0.29573,0.93717,-0.95282,-0.28744,-0.097487,-0.0049461,-0.99689,-0.078638,-0.23228,-0.075342,0.96973,-0.97264,0.023062,-0.23118
0.24106,-0.9108,0.33515,-0.18435,0.29607,0.93721,-0.95284,-0.28771,-0.096538,-0.0045068,-0.99691,-0.078476,-0.23188,-0.075296,0.96983,-0.97273,0.022568,-0.23082
0.24161,-0.91065,0.33517,-0.18364,0.29626,0.93729,-0.95284,-0.28801,-0.095652,-0.0041541,-0.99692,-0.078316,-0.23131,-0.075235,0.96997,-0.97287,0.022144,-0.23028
0.24217,-0.91047,0.33526,-0.18295,0.2965,0.93735,-0.95283,-0.28834,-0.094768,-0.0038341,-0.99694,-0.078085,-0.23064,-0.075099,0.97014,-0.97303,0.021729,-0.22965
0.24255,-0.91031,0.33541,-0.18219,0.29685,0.93738,-0.95288,-0.28847,-0.093848,-0.0035656,-0.99696,-0.077839,-0.22988,-0.074937,0.97033,-0.97321,0.021354,-0.22892
0.24303,-0.91018,0.33543,-0.18144,0.29704,0.93747,-0.9529,-0.28869,-0.092957,-0.0031954,-0.99697,-0.077727,-0.22906,-0.074931,0.97052,-0.97341,0.020906,-0.22813
0.24359,-0.91005,0.33536,-0.1806,0.29717,0.93759,-0.95291,-0.28895,-0.091973,-0.0027301,-0.99697,-0.07775,-0.22808,-0.07508,0.97074,-0.97364,0.020383,-0.22718
0.24412,-0.90994,0.33529,-0.17971,0.29731,0.93771,-0.95295,-0.28917,-0.090941,-0.002198,-0.99697,-0.077805,-0.22711,-0.075275,0.97096,-0.97387,0.019804,-0.22625
0.24467,-0.90982,0.33521,-0.17868,0.29749,0.93786,-0.953,-0.28937,-0.08978,-0.0016577,-0.99696,-0.077861,-0.22624,-0.075468,0.97114,-0.97407,0.019225,-0.22543
0.2452,-0.9097,0.33516,-0.17749,0.29774,0.938,-0.95309,-0.28948,-0.088453,-0.0011432,-0.99696,-0.077934,-0.22537,-0.075672,0.97133,-0.97427,0.018674,-0.2246
0.24575,-0.90957,0.3351,-0.17615,0.29804,0.93816,-0.95319,-0.28958,-0.086973,-0.00075453,-0.99695,-0.077994,-0.2244,-0.075836,0.97154,-0.9745,0.018234,-0.22365
0.24638,-0.90942,0.33503,-0.17456,0.2984,0.93834,-0.95332,-0.28967,-0.085228,-0.00038317,-0.99695,-0.078097,-0.22338,-0.076039,0.97176,-0.97473,0.017818,-0.22267
0.24701,-0.90922,0.33511,-0.1731,0.29887,0.93846,-0.95343,-0.28981,-0.083563,5.6007e-05,-0.99694,-0.078151,-0.22265,-0.076202,0.97192,-0.9749,0.017346,-0.22197
0.24752,-0.90901,0.3353,-0.17148,0.29951,0.93856,-0.95359,-0.28981,-0.081742,0.00037829,-0.99695,-0.078055,-0.22189,-0.076193,0.97209,-0.97507,0.016952,-0.22124
0.2481,-0.90882,0.3354,-0.16966,0.30011,0.9387,-0.95376,-0.28979,-0.079739,0.00071439,-0.99696,-0.077901,-0.22116,-0.076129,0.97226,-0.97524,0.016534,-0.22055
0.24864,-0.90866,0.33544,-0.16728,0.30083,0.93889,-0.95404,-0.28956,-0.077198,0.00081031,-0.99698,-0.07763,-0.2201,-0.075904,0.97252,-0.97548,0.016298,-0.21949
0.24911,-0.90853,0.33544,-0.16512,0.30144,0.93908,-0.9543,-0.28932,-0.07492,0.00075484,-0.997,-0.077376,-0.21927,-0.075658,0.97273,-0.97566,0.016232,-0.21867
0.24962,-0.90837,0.3355,-0.1627,0.3022,0.93926,-0.95458,-0.28904,-0.072356,0.00033673,-0.99704,-0.076908,-0.21796,-0.075132,0.97306,-0.97596,0.016435,-0.21734
0.25015,-0.90819,0.33557,-0.16033,0.30295,0.93942,-0.95484,-0.2888,-0.069827,-0.00011508,-0.99707,-0.076446,-0.21637,-0.074611,0.97346,-0.97631,0.016653,-0.21573
0.25076,-0.90804,0.33552,-0.15784,0.3036,0.93963,-0.95509,-0.28859,-0.067194,-0.00042738,-0.99711,-0.075968,-0.21467,-0.074105,0.97387,-0.97669,0.016724,-0.21402
0.25135,-0.90792,0.33543,-0.15555,0.30416,0.93984,-0.95532,-0.2884,-0.064773,-0.00070445,-0.99715,-0.07547,-0.21307,-0.073587,0.97426,-0.97704,0.016767,-0.21241
0.25196,-0.9078,0.33529,-0.1534,0.30462,0.94004,-0.9555,-0.28828,-0.0625,-0.00086107,-0.99718,-0.075027,-0.21147,-0.073149,0.97464,-0.97738,0.016705,-0.21081
0.25256,-0.90766,0.33521,-0.15142,0.3051,0.94021,-0.95566,-0.28822,-0.060384,-0.0011176,-0.99722,-0.074507,-0.20981,-0.072615,0.97504,-0.97774,0.016722,-0.20914
0.25308,-0.90751,0.33522,-0.14949,0.30566,0.94033,-0.95583,-0.28809,-0.058305,-0.0014839,-0.99726,-0.073936,-0.20799,-0.072012,0.97548,-0.97813,0.016826,-0.20732
0.25358,-0.90736,0.33525,-0.14758,0.30624,0.94045,-0.95599,-0.28795,-0.05625,-0.0017192,-0.9973,-0.073406,-0.20612,-0.071477,0.97591,-0.97852,0.016809,-0.20545
0.25403,-0.90722,0.33528,-0.14569,0.30681,0.94056,-0.95616,-0.28777,-0.054236,-0.0018025,-0.99734,-0.072921,-0.20444,-0.071013,0.9763,-0.97888,0.016668,-0.20377
0.25448,-0.90706,0.33537,-0.14376,0.30745,0.94064,-0.95633,-0.28759,-0.052158,-0.0019752,-0.99737,-0.072453,-0.203,-0.070544,0.97663,-0.97918,0.016637,-0.20233
0.25508,-0.90679,0.33567,-0.14174,0.30833,0.94066,-0.95647,-0.28752,-0.049875,-0.0020609,-0.99741,-0.071867,-0.20173,-0.069975,0.97694,-0.97944,0.016511,-0.20107
0.25583,-0.90642,0.33609,-0.13957,0.30939,0.94064,-0.95659,-0.28755,-0.047354,-0.0020699,-0.99746,-0.071164,-0.20044,-0.069306,0.97725,-0.9797,0.016287,-0.19978
0.25655,-0.90606,0.33652,-0.13764,0.31037,0.9406,-0.95668,-0.28762,-0.04508,-0.0018918,-0.99751,-0.070439,-0.19924,-0.068651,0.97754,-0.97995,0.015884,-0.19862
0.25738,-0.90572,0.33678,-0.13531,0.31131,0.94063,-0.95679,-0.28767,-0.042428,-0.0018001,-0.99756,-0.069811,-0.19745,-0.068082,0.97795,-0.98031,0.015544,-0.19684
0.25808,-0.90539,0.33713,-0.13308,0.31231,0.94061,-0.95691,-0.28762,-0.039889,-0.001695,-0.99761,-0.06909,-0.19563,-0.067424,0.97836,-0.98068,0.015174,-0.19505
0.25862,-0.90516,0.33735,-0.13086,0.31319,0.94063,-0.95707,-0.28741,-0.037448,-0.0016242,-0.99765,-0.068556,-0.194,-0.066939,0.97872,-0.981,0.014889,-0.19343
0.25901,-0.90496,0.33759,-0.12866,0.31408,0.94064,-0.95727,-0.28707,-0.035078,-0.001707,-0.99769,-0.067974,-0.1925,-0.066375,0.97905,-0.9813,0.014756,-0.19194
0.25929,-0.90482,0.33774,-0.12653,0.31486,0.94067,-0.95747,-0.28664,-0.032849,-0.0017757,-0.99773,-0.067384,-0.19128,-0.065801,0.97933,-0.98153,0.014628,-0.19073
0.25924,-0.90476,0.33793,-0.12493,0.31554,0.94065,-0.9577,-0.28607,-0.03123,-0.0017474,-0.99778,-0.066643,-0.19078,-0.065087,0.97947,-0.98163,0.014425,-0.19024
0.25909,-0.90477,0.33803,-0.12329,0.31614,0.94067,-0.95795,-0.28539,-0.029646,-0.0017557,-0.99783,-0.065781,-0.19018,-0.064247,0.97965,-0.98175,0.01423,-0.18965
0.25879,-0.90483,0.3381,-0.12175,0.31668,0.94069,-0.95823,-0.2846,-0.028208,-0.0018454,-0.99789,-0.064838,-0.18968,-0.063312,0.9798,-0.98184,0.014107,-0.18917
0.25838,-0.9049,0.33821,-0.12052,0.31717,0.94068,-0.9585,-0.28382,-0.027108,-0.0020389,-0.99795,-0.063908,-0.18928,-0.062368,0.97994,-0.98192,0.014095,-0.18877
0.25776,-0.90505,0.33829,-0.11958,0.31755,0.94067,-0.95878,-0.28291,-0.026371,-0.0021878,-0.99801,-0.062985,-0.18891,-0.061439,0.98007,-0.98199,0.014043,-0.1884
0.25697,-0.90525,0.33835,-0.11895,0.31782,0.94066,-0.95907,-0.28197,-0.026007,-0.0021468,-0.99807,-0.062003,-0.1885,-0.060487,0.98021,-0.98207,0.013792,-0.18801
0.25607,-0.90554,0.33828,-0.11846,0.31791,0.94069,-0.95937,-0.28095,-0.025868,-0.001873,-0.99813,-0.061076,-0.18804,-0.059635,0.98035,-0.98216,0.013321,-0.18757
0.25489,-0.90596,0.33804,-0.11803,0.31783,0.94077,-0.95974,-0.2797,-0.025923,-0.0016402,-0.99818,-0.060276,-0.18729,-0.058903,0.98054,-0.9823,0.012897,-0.18685
0.25359,-0.90643,0.33776,-0.11748,0.31773,0.94088,-0.96015,-0.27827,-0.025921,-0.0011348,-0.99824,-0.059319,-0.18602,-0.058072,0.98083,-0.98254,0.012148,-0.18563
0.25203,-0.90703,0.33731,-0.11674,0.31752,0.94104,-0.96065,-0.27655,-0.025868,-0.0003917,-0.99831,-0.058174,-0.18434,-0.057105,0.9812,-0.98286,0.011108,-0.18401
0.25048,-0.90765,0.3368,-0.11603,0.31723,0.94122,-0.96114,-0.27484,-0.025854,0.00064051,-0.99838,-0.0569,-0.18238,-0.056063,0.98163,-0.98323,0.009749,-0.18213
0.249,-0.90824,0.3363,-0.11537,0.31695,0.9414,-0.96161,-0.27321,-0.025862,0.0018267,-0.99846,-0.055452,-0.18026,-0.054872,0.98209,-0.98362,0.0082015,-0.18008
0.24765,-0.90887,0.33559,-0.11461,0.31646,0.94166,-0.96205,-0.27167,-0.025797,0.002987,-0.99854,-0.053906,-0.17782,-0.053578,0.9826,-0.98406,0.0066505,-0.17772
0.24648,-0.90948,0.33481,-0.11358,0.31598,0.94194,-0.96247,-0.2702,-0.025419,0.0041575,-0.99863,-0.052209,-0.17488,-0.052131,0.98321,-0.98458,0.0050429,-0.17486
0.2454,-0.91012,0.33385,-0.11218,0.31541,0.9423,-0.96291,-0.26869,-0.024699,0.0051308,-0.99871,-0.050498,-0.17163,-0.050629,0.98386,-0.98515,0.003619,-0.17167
0.24444,-0.91069,0.333,-0.11059,0.31499,0.94263,-0.96334,-0.26724,-0.023718,0.0059892,-0.9988,-0.048628,-0.16829,-0.048942,0.98452,-0.98572,0.002287,-0.16838
0.24364,-0.91121,0.33217,-0.10875,0.31467,0.94295,-0.96375,-0.26586,-0.022428,0.0066838,-0.99889,-0.04667,-0.16497,-0.047133,0.98517,-0.98628,0.0011147,-0.16511
0.24296,-0.91169,0.33135,-0.10683,0.31436,0.94327,-0.96414,-0.26458,-0.021014,0.0073402,-0.99897,-0.044734,-0.16174,-0.045332,0.98579,-0.98681,-6.012e-07,-0.16191
0.24224,-0.9121,0.33074,-0.10497,0.31426,0.94352,-0.96452,-0.26328,-0.019612,0.0079521,-0.99905,-0.042812,-0.1586,-0.043532,0.98638,-0.98731,-0.0010539,-0.15879
0.24179,-0.91244,0.33014,-0.10334,0.31408,0.94375,-0.96481,-0.2623,-0.018356,0.0087704,-0.99911,-0.041211,-0.1557,-0.042074,0.98691,-0.98776,-0.0022389,-0.15593
0.24141,-0.91266,0.32981,-0.10207,0.3141,0.94389,-0.96504,-0.26153,-0.017326,0.0096183,-0.99917,-0.039652,-0.15322,-0.040659,0.98736,-0.98815,-0.0034211,-0.15348
0.24125,-0.9127,0.32981,-0.10135,0.31429,0.9439,-0.96516,-0.26114,-0.016684,0.010541,-0.99922,-0.03813,-0.15135,-0.039287,0.9877,-0.98842,-0.0046399,-0.15165
0.24108,-0.91264,0.33009,-0.10128,0.31461,0.9438,-0.96521,-0.26096,-0.016584,0.011278,-0.99926,-0.036682,-0.15008,-0.03796,0.98794,-0.98861,-0.005637,-0.1504
0.24078,-0.91248,0.33077,-0.10174,0.31519,0.94356,-0.96523,-0.26084,-0.016944,0.01183,-0.99931,-0.035203,-0.14942,-0.036577,0.9881,-0.9887,-0.0064293,-0.14975
0.24045,-0.91219,0.33181,-0.1027,0.31602,0.94318,-0.96521,-0.26086,-0.017701,0.012391,-0.99935,-0.033769,-0.14914,-0.035241,0.98819,-0.98874,-0.0072088,-0.14948
0.24017,-0.91176,0.33319,-0.1041,0.31706,0.94267,-0.96513,-0.26109,-0.018765,0.012872,-0.9994,-0.032246,-0.1492,-0.033807,0.98823,-0.98872,-0.0079094,-0.14955
0.23975,-0.91128,0.33479,-0.10584,0.31826,0.94208,-0.96505,-0.26129,-0.020143,0.01322,-0.99944,-0.030781,-0.14937,-0.032413,0.98825,-0.98869,-0.0084668,-0.14971
0.23908,-0.91075,0.33671,-0.10771,0.31976,0.94136,-0.96501,-0.26133,-0.021649,0.013301,-0.99949,-0.029187,-0.14946,-0.030849,0.98829,-0.98868,-0.0087834,-0.14979
0.23816,-0.91018,0.33889,-0.1095,0.32154,0.94054,-0.96503,-0.26111,-0.023083,0.013201,-0.99954,-0.027478,-0.1495,-0.029144,0.98833,-0.98867,-0.0089387,-0.14981
0.237,-0.90965,0.34113,-0.1111,0.32345,0.9397,-0.96514,-0.26061,-0.024399,0.012826,-0.99958,-0.025839,-0.14969,-0.027469,0.98835,-0.98865,-0.0088092,-0.14998
0.23566,-0.90916,0.34335,-0.11256,0.32539,0.93886,-0.96529,-0.2599,-0.025655,0.012572,-0.99963,-0.024181,-0.14998,-0.025795,0.98835,-0.98861,-0.0087989,-0.15025
0.23407,-0.90873,0.34556,-0.11367,0.32742,0.93802,-0.96555,-0.25884,-0.026653,0.012381,-0.99967,-0.022492,-0.15026,-0.024098,0.98835,-0.98857,-0.0088573,-0.15051
0.23244,-0.90833,0.34772,-0.11464,0.32944,0.93719,-0.96583,-0.2577,-0.027563,0.012202,-0.99971,-0.020867,-0.15053,-0.022467,0.98835,-0.98853,-0.0089187,-0.15076
0.23058,-0.90793,0.35,-0.11594,0.33149,0.93631,-0.96612,-0.25647,-0.028827,0.011968,-0.99974,-0.019309,-0.15091,-0.020895,0.98833,-0.98847,-0.0089142,-0.15112
0.22882,-0.90759,0.35204,-0.11718,0.33332,0.9355,-0.96639,-0.25532,-0.03008,0.011792,-0.99977,-0.01797,-0.15099,-0.019546,0.98834,-0.98846,-0.0089409,-0.15119
0.22711,-0.90732,0.35383,-0.11861,0.33485,0.93478,-0.96662,-0.25427,-0.031573,0.011612,-0.99979,-0.016881,-0.15094,-0.018441,0.98837,-0.98848,-0.0089285,-0.15112
0.22564,-0.90701,0.35554,-0.11958,0.33641,0.93409,-0.96684,-0.25329,-0.032553,0.011157,-0.99981,-0.015673,-0.15018,-0.017172,0.98851,-0.9886,-0.0086754,-0.15034
0.22455,-0.90663,0.35721,-0.12014,0.33801,0.93344,-0.96703,-0.25252,-0.033018,0.010652,-0.99984,-0.014322,-0.14872,-0.015747,0.98875,-0.98882,-0.0084022,-0.14886
0.22373,-0.90617,0.35889,-0.12046,0.3397,0.93279,-0.96718,-0.25193,-0.033153,0.0097438,-0.99987,-0.012886,-0.14671,-0.014176,0.98908,-0.98913,-0.0077469,-0.14683
0.22291,-0.90573,0.3605,-0.12089,0.34127,0.93216,-0.96731,-0.25137,-0.033425,0.0087193,-0.9999,-0.011451,-0.14484,-0.012594,0.98938,-0.98942,-0.0069681,-0.14493
0.22219,-0.90537,0.36186,-0.12111,0.34263,0.93163,-0.96745,-0.25082,-0.033521,0.0076137,-0.99992,-0.010151,-0.14308,-0.011136,0.98965,-0.98968,-0.0060825,-0.14315
0.22142,-0.90512,0.36294,-0.12107,0.34378,0.93121,-0.96763,-0.25013,-0.033467,0.0061509,-0.99994,-0.0090712,-0.14152,-0.0098505,0.98989,-0.98992,-0.0048049,-0.14157
0.22062,-0.90504,0.36363,-0.12075,0.3446,0.93095,-0.96785,-0.2493,-0.033258,0.0044133,-0.99996,-0.0082998,-0.14002,-0.0088361,0.99011,-0.99014,-0.0032075,-0.14005
0.21989,-0.90493,0.36435,-0.12018,0.34552,0.93068,-0.96809,-0.24844,-0.032773,0.0026112,-0.99997,-0.0074361,-0.13848,-0.007726,0.99034,-0.99036,-0.0015562,-0.13849
0.21931,-0.90492,0.36472,-0.11906,0.3462,0.93057,-0.96836,-0.24751,-0.031811,0.00074605,-0.99998,-0.0066805,-0.13638,-0.0067199,0.99063,-0.99066,0.000172,-0.13638
0.21861,-0.90498,0.365,-0.1181,0.34676,0.93049,-0.96864,-0.24652,-0.031076,-0.00085677,-0.99998,-0.006024,-0.13469,-0.0058537,0.99087,-0.99089,0.0016603,-0.13468
0.2177,-0.90513,0.36517,-0.11718,0.3472,0.93044,-0.96896,-0.24535,-0.030472,-0.0022385,-0.99998,-0.0055232,-0.13317,-0.0051759,0.99108,-0.99109,0.0029541,-0.13316
0.21656,-0.90532,0.36536,-0.11613,0.3477,0.93039,-0.96934,-0.24392,-0.029833,-0.0035972,-0.99998,-0.0049549,-0.13171,-0.0044379,0.99128,-0.99128,0.0042185,-0.1317
0.2152,-0.90539,0.36599,-0.11553,0.34854,0.93015,-0.96971,-0.24245,-0.029591,-0.004549,-0.99998,-0.0040914,-0.13099,-0.0034603,0.99138,-0.99137,0.0050457,-0.13097
0.21375,-0.90552,0.36652,-0.11494,0.34928,0.92994,-0.9701,-0.2409,-0.029425,-0.0052448,-0.99998,-0.0033854,-0.1303,-0.0026732,0.99147,-0.99146,0.0056412,-0.13028
0.2122,-0.90585,0.36662,-0.11461,0.3495,0.9299,-0.97048,-0.23934,-0.029655,-0.005661,-0.99998,-0.003268,-0.12978,-0.0025057,0.99154,-0.99153,0.0060372,-0.12977
0.21065,-0.90631,0.36636,-0.11445,0.34933,0.92998,-0.97084,-0.23783,-0.03014,-0.0061318,-0.99997,-0.0035462,-0.1293,-0.0027236,0.9916,-0.99159,0.0065389,-0.12928
0.20919,-0.90674,0.36616,-0.11421,0.34922,0.93005,-0.97118,-0.23637,-0.030505,-0.0066336,-0.99997,-0.0037347,-0.12887,-0.0028488,0.99166,-0.99164,0.0070595,-0.12884
0.20777,-0.90711,0.36604,-0.11409,0.34918,0.93009,-0.9715,-0.23501,-0.030938,-0.0073438,-0.99997,-0.0037512,-0.12849,-0.0027765,0.99171,-0.99168,0.0077648,-0.12847
0.20636,-0.90752,0.36582,-0.11414,0.34898,0.93015,-0.9718,-0.2337,-0.031569,-0.0082822,-0.99996,-0.0038986,-0.12822,-0.0028046,0.99174,-0.99171,0.0087137,-0.12819
0.20494,-0.9081,0.36518,-0.11428,0.34834,0.93038,-0.97208,-0.2324,-0.032383,-0.0094354,-0.99995,-0.0043454,-0.12773,-0.0031048,0.9918,-0.99176,0.0099131,-0.12769
0.2035,-0.90874,0.36439,-0.11453,0.34753,0.93065,-0.97235,-0.23112,-0.033355,-0.010828,-0.99993,-0.0048873,-0.12703,-0.0034724,0.99189,-0.99184,0.011362,-0.12698
0.20198,-0.90938,0.36364,-0.11461,0.34679,0.93091,-0.97266,-0.2297,-0.03418,-0.01236,-0.99991,-0.0052709,-0.12598,-0.0036721,0.99203,-0.99196,0.012925,-0.12592
0.20036,-0.91001,0.36294,-0.11463,0.34614,0.93115,-0.97299,-0.22817,-0.034958,-0.01376,-0.99989,-0.0054385,-0.12471,-0.0036805,0.99219,-0.9921,0.01433,-0.12465
0.19871,-0.91061,0.36235,-0.11461,0.34559,0.93136,-0.97333,-0.2266,-0.035697,-0.014826,-0.99987,-0.0055278,-0.12339,-0.0036566,0.99235,-0.99225,0.015395,-0.12332
0.19706,-0.91124,0.36168,-0.11486,0.34492,0.93158,-0.97364,-0.22512,-0.036693,-0.0156,-0.99986,-0.0056625,-0.12218,-0.0037146,0.9925,-0.99238,0.016175,-0.12211
0.19526,-0.91188,0.36104,-0.11558,0.34417,0.93177,-0.97392,-0.22367,-0.038188,-0.016026,-0.99986,-0.0057258,-0.12124,-0.0037411,0.99262,-0.99249,0.016602,-0.12116
0.19329,-0.91264,0.36018,-0.11634,0.34319,0.93203,-0.97422,-0.22205,-0.039846,-0.016178,-0.99985,-0.0058658,-0.12025,-0.0038783,0.99274,-0.99261,0.016766,-0.12017
0.19126,-0.91337,0.35942,-0.11752,0.34223,0.93224,-0.97448,-0.22054,-0.041889,-0.016108,-0.99985,-0.0059624,-0.11951,-0.0039952,0.99282,-0.9927,0.016705,-0.11943
0.18919,-0.91411,0.35862,-0.1191,0.34115,0.93243,-0.97469,-0.21912,-0.044332,-0.015888,-0.99986,-0.0060542,-0.11885,-0.0041236,0.9929,-0.99279,0.016495,-0.11877
0.187,-0.91482,0.35796,-0.12114,0.34013,0.93254,-0.97486,-0.21774,-0.04722,-0.015632,-0.99986,-0.0060516,-0.11835,-0.0041596,0.99296,-0.99285,0.016238,-0.11827
0.18493,-0.91548,0.35734,-0.12349,0.33909,0.93262,-0.97496,-0.2166,-0.050346,-0.015146,-0.99987,-0.0061883,-0.11805,-0.0043576,0.993,-0.99289,0.015771,-0.11796
0.18289,-0.91614,0.3567,-0.12585,0.33802,0.93269,-0.97504,-0.21547,-0.053475,-0.014569,-0.99987,-0.0064591,-0.118,-0.0046954,0.993,-0.99291,0.015229,-0.11791
0.18102,-0.9168,0.35597,-0.12816,0.33687,0.93279,-0.97509,-0.21447,-0.056519,-0.014051,-0.99988,-0.0068287,-0.1181,-0.005122,0.99299,-0.9929,0.014759,-0.11801
0.17932,-0.91741,0.35526,-0.13046,0.33575,0.93287,-0.9751,-0.21363,-0.059478,-0.013655,-0.99988,-0.0074108,-0.11836,-0.0057431,0.99295,-0.99288,0.014436,-0.11826
0.17769,-0.918,0.35454,-0.13247,0.33468,0.93297,-0.97513,-0.21274,-0.062137,-0.013396,-0.99988,-0.0081156,-0.11877,-0.0064677,0.9929,-0.99283,0.014265,-0.11867
0.1761,-0.91858,0.35383,-0.13414,0.3337,0.93309,-0.97519,-0.21178,-0.064449,-0.01327,-0.99987,-0.0089829,-0.1196,-0.0073321,0.9928,-0.99273,0.014248,-0.11949
0.17466,-0.91912,0.35314,-0.13532,0.33285,0.93322,-0.97529,-0.21078,-0.066238,-0.013395,-0.99986,-0.0099972,-0.12044,-0.008312,0.99269,-0.99263,0.014501,-0.12031
0.17326,-0.91963,0.35252,-0.1359,0.33218,0.93337,-0.97545,-0.20962,-0.067426,-0.013745,-0.99985,-0.010977,-0.12143,-0.0092272,0.99256,-0.9925,0.014976,-0.12129
0.17196,-0.92012,0.35187,-0.13581,0.33163,0.93358,-0.9757,-0.20833,-0.067934,-0.014318,-0.99983,-0.01196,-0.12255,-0.010117,0.99241,-0.99236,0.015675,-0.12239
0.17072,-0.92068,0.351,-0.13515,0.33099,0.93391,-0.97601,-0.20687,-0.067928,-0.015138,-0.9998,-0.01311,-0.12373,-0.011138,0.99225,-0.9922,0.016643,-0.12354
0.16968,-0.92129,0.3499,-0.13384,0.33021,0.93437,-0.97637,-0.20537,-0.06728,-0.015998,-0.99977,-0.014376,-0.12465,-0.012271,0.99212,-0.99207,0.017664,-0.12443
0.1686,-0.92192,0.34877,-0.13201,0.32952,0.93487,-0.9768,-0.20366,-0.066149,-0.016925,-0.99973,-0.015636,-0.12541,-0.013392,0.99201,-0.99196,0.018751,-0.12515
0.16752,-0.92262,0.34743,-0.12982,0.3287,0.93547,-0.97728,-0.20182,-0.064714,-0.018016,-0.99969,-0.017041,-0.12619,-0.014634,0.9919,-0.99184,0.02002,-0.12589
0.16648,-0.92342,0.34581,-0.12751,0.32759,0.93617,-0.97777,-0.19995,-0.063208,-0.019441,-0.99964,-0.018614,-0.12697,-0.015998,0.99178,-0.99172,0.021645,-0.12661
0.1654,-0.92418,0.34428,-0.12525,0.32658,0.93683,-0.97824,-0.19807,-0.061742,-0.021056,-0.99958,-0.019937,-0.12774,-0.017089,0.99166,-0.99158,0.023427,-0.12733
0.16434,-0.92494,0.34276,-0.12337,0.32548,0.93746,-0.97866,-0.19635,-0.060618,-0.02258,-0.99952,-0.021309,-0.12878,-0.018229,0.99151,-0.99142,0.025132,-0.1283
0.16325,-0.92578,0.34101,-0.12188,0.32408,0.93815,-0.97903,-0.19471,-0.059926,-0.023945,-0.99945,-0.022847,-0.13004,-0.019546,0.99132,-0.99122,0.026708,-0.1295
0.16199,-0.92666,0.3392,-0.12067,0.32256,0.93883,-0.97939,-0.19302,-0.059563,-0.025102,-0.99938,-0.024493,-0.13124,-0.020994,0.99113,-0.99103,0.028094,-0.13063
0.16064,-0.92753,0.33748,-0.11981,0.32107,0.93945,-0.97971,-0.19135,-0.059548,-0.026068,-0.99932,-0.0259,-0.1325,-0.022226,0.99093,-0.99084,0.029264,-0.13183
0.15924,-0.92836,0.33584,-0.11923,0.31961,0.94002,-0.98001,-0.18973,-0.059791,-0.026851,-0.99927,-0.027116,-0.13366,-0.023293,0.99075,-0.99066,0.030227,-0.13294
0.15769,-0.92918,0.33431,-0.11898,0.3182,0.94053,-0.98029,-0.18809,-0.060374,-0.027515,-0.99922,-0.028276,-0.13477,-0.02432,0.99058,-0.99049,0.031067,-0.134
0.15596,-0.92999,0.33287,-0.11895,0.31686,0.94098,-0.98057,-0.18635,-0.061205,-0.028216,-0.99917,-0.029294,-0.13581,-0.025202,0.99041,-0.99033,0.031924,-0.13499
0.15408,-0.9308,0.33145,-0.11914,0.31551,0.94141,-0.98085,-0.18454,-0.06228,-0.029025,-0.99912,-0.03033,-0.13672,-0.026089,0.99027,-0.99018,0.032889,-0.13584
0.15208,-0.9316,0.33013,-0.11938,0.31426,0.9418,-0.98113,-0.18265,-0.063423,-0.029792,-0.99907,-0.031286,-0.13755,-0.026905,0.99013,-0.99005,0.033801,-0.13662
0.14995,-0.93239,0.3289,-0.11939,0.31315,0.94217,-0.98146,-0.18055,-0.064366,-0.030737,-0.99901,-0.032159,-0.13817,-0.027619,0.99002,-0.98993,0.034873,-0.13718
0.14773,-0.93316,0.3277,-0.11922,0.31212,0.94253,-0.98182,-0.17831,-0.065136,-0.031814,-0.99895,-0.032983,-0.13855,-0.028273,0.98995,-0.98984,0.036064,-0.1375
0.14545,-0.93388,0.32668,-0.11884,0.31131,0.94285,-0.9822,-0.17596,-0.065705,-0.032946,-0.99889,-0.03373,-0.13877,-0.02885,0.9899,-0.98978,0.037294,-0.13766
0.14317,-0.93457,0.32571,-0.11849,0.31055,0.94314,-0.98258,-0.17363,-0.066271,-0.033986,-0.99883,-0.034491,-0.13897,-0.029453,0.98986,-0.98971,0.038434,-0.1378
0.14091,-0.9352,0.32488,-0.11826,0.3099,0.94339,-0.98293,-0.17135,-0.066926,-0.034931,-0.99877,-0.035271,-0.13898,-0.030095,0.98984,-0.98968,0.039478,-0.13776
0.13873,-0.93576,0.32419,-0.11838,0.30934,0.94355,-0.98323,-0.16927,-0.067857,-0.035714,-0.99871,-0.036105,-0.13906,-0.03081,0.9898,-0.98964,0.040371,-0.13778
0.13658,-0.93627,0.32365,-0.11891,0.30886,0.94365,-0.98347,-0.16737,-0.069148,-0.036435,-0.99866,-0.036875,-0.13915,-0.03147,0.98977,-0.9896,0.041193,-0.13782
0.13446,-0.93679,0.32303,-0.1198,0.30823,0.94374,-0.98365,-0.16559,-0.070784,-0.037117,-0.9986,-0.037725,-0.13923,-0.032215,0.98974,-0.98956,0.041989,-0.13784
0.13251,-0.93722,0.32258,-0.12111,0.3077,0.94374,-0.98375,-0.16412,-0.072735,-0.037709,-0.99854,-0.038556,-0.1395,-0.032946,0.98967,-0.9895,0.042698,-0.13805
0.13058,-0.93764,0.32213,-0.12278,0.30712,0.94372,-0.9838,-0.16279,-0.075022,-0.038307,-0.99848,-0.039541,-0.13997,-0.033818,0.98958,-0.98941,0.043442,-0.13847
0.12877,-0.93805,0.32168,-0.12468,0.30649,0.94367,-0.98381,-0.16162,-0.077495,-0.038885,-0.99842,-0.040656,-0.14063,-0.034813,0.98945,-0.9893,0.044193,-0.13906
0.12697,-0.93843,0.32128,-0.12656,0.30593,0.9436,-0.9838,-0.16048,-0.079922,-0.039522,-0.99835,-0.041728,-0.14136,-0.035754,0.98931,-0.98917,0.044998,-0.13971
0.12527,-0.93878,0.32094,-0.12817,0.30546,0.94354,-0.98381,-0.15934,-0.082057,-0.040376,-0.99826,-0.042903,-0.14201,-0.036769,0.98918,-0.98904,0.046032,-0.14028
0.12354,-0.93912,0.32061,-0.12946,0.30507,0.94349,-0.98386,-0.15806,-0.083887,-0.041329,-0.99817,-0.044134,-0.14284,-0.037815,0.98902,-0.98888,0.047179,-0.14101
0.12198,-0.93947,0.32018,-0.13025,0.30465,0.94352,-0.98395,-0.1568,-0.085207,-0.042193,-0.99807,-0.045463,-0.1438,-0.038963,0.98884,-0.98871,0.04826,-0.14188
0.12049,-0.93983,0.31969,-0.1307,0.30421,0.9436,-0.98407,-0.15548,-0.086183,-0.042892,-0.99798,-0.046923,-0.14455,-0.040273,0.98868,-0.98857,0.049189,-0.14253
0.11908,-0.94017,0.31923,-0.13114,0.30381,0.94366,-0.98419,-0.15424,-0.087113,-0.043329,-0.99789,-0.048417,-0.1452,-0.041658,0.98852,-0.98845,0.049862,-0.14309
0.11772,-0.94048,0.3188,-0.13154,0.30344,0.94373,-0.9843,-0.15303,-0.087984,-0.043865,-0.99779,-0.049868,-0.14572,-0.042993,0.98839,-0.98835,0.050622,-0.14351
0.11643,-0.94082,0.31828,-0.13209,0.30294,0.94381,-0.98438,-0.15193,-0.089002,-0.044401,-0.99769,-0.051408,-0.14612,-0.04442,0.98827,-0.98827,0.051392,-0.14381
0.11521,-0.94117,0.31769,-0.1332,0.30229,0.94386,-0.98437,-0.15106,-0.090535,-0.044922,-0.99758,-0.053032,-0.14665,-0.045926,0.98812,-0.98817,0.052165,-0.14423
0.114,-0.94154,0.31703,-0.13469,0.30152,0.9439,-0.98431,-0.15031,-0.092446,-0.045228,-0.99748,-0.054709,-0.14724,-0.047511,0.98796,-0.98807,0.052739,-0.14472
0.11292,-0.94189,0.31637,-0.13644,0.30069,0.94391,-0.98419,-0.14975,-0.094557,-0.045388,-0.99738,-0.05628,-0.1478,-0.049013,0.9878,-0.98797,0.053153,-0.14519
0.11206,-0.94218,0.31583,-0.13831,0.29995,0.94388,-0.98403,-0.14946,-0.096701,-0.045583,-0.99729,-0.057735,-0.14834,-0.050397,0.98765,-0.98789,0.053584,-0.14564
0.11129,-0.94244,0.3153,-0.1403,0.29919,0.94382,-0.98383,-0.14928,-0.098928,-0.045717,-0.99721,-0.05908,-0.14898,-0.051675,0.98749,-0.98778,0.053947,-0.1462
0.11052,-0.94273,0.31472,-0.1423,0.29839,0.94378,-0.98363,-0.1491,-0.10118,-0.045791,-0.99712,-0.060494,-0.14974,-0.053022,0.9873,-0.98766,0.054268,-0.14688
0.10977,-0.94298,0.31422,-0.14432,0.29766,0.9437,-0.98342,-0.14894,-0.10342,-0.04591,-0.99703,-0.061813,-0.1507,-0.054258,0.98709,-0.98751,0.054632,-0.14776
0.10895,-0.94321,0.31382,-0.14625,0.29706,0.94359,-0.98323,-0.1487,-0.10558,-0.046147,-0.99694,-0.06304,-0.1518,-0.055376,0.98686,-0.98733,0.05511,-0.14878
0.10805,-0.94336,0.31368,-0.14821,0.29672,0.94339,-0.98303,-0.14843,-0.10776,-0.046333,-0.99687,-0.064098,-0.15311,-0.056321,0.9866,-0.98712,0.055526,-0.15002
0.10714,-0.94342,0.3138,-0.15024,0.29663,0.9431,-0.98283,-0.14819,-0.10996,-0.046603,-0.9968,-0.06496,-0.15457,-0.057052,0.98633,-0.98688,0.056007,-0.15141
0.10619,-0.94339,0.31423,-0.1521,0.29689,0.94272,-0.98264,-0.1479,-0.11196,-0.047002,-0.99674,-0.065647,-0.15602,-0.057587,0.98607,-0.98663,0.05659,-0.15281
0.10506,-0.9433,0.31488,-0.15382,0.2974,0.94228,-0.9825,-0.14743,-0.11386,-0.047606,-0.99666,-0.066324,-0.15734,-0.058088,0.98583,-0.9864,0.057367,-0.15405
0.10404,-0.94321,0.31549,-0.15562,0.29787,0.94184,-0.98232,-0.14708,-0.1158,-0.048228,-0.99657,-0.067256,-0.15852,-0.058844,0.9856,-0.98618,0.058195,-0.15514
0.10299,-0.9432,0.31585,-0.15737,0.29809,0.94148,-0.98215,-0.14667,-0.11773,-0.049001,-0.99645,-0.068477,-0.15957,-0.059869,0.98537,-0.98597,0.059211,-0.15607
0.10199,-0.94316,0.31631,-0.15882,0.29845,0.94112,-0.98202,-0.14622,-0.11936,-0.04987,-0.99632,-0.069641,-0.16033,-0.060838,0.98519,-0.9858,0.060297,-0.15671
0.10104,-0.94312,0.31674,-0.16004,0.29881,0.9408,-0.98192,-0.14575,-0.12075,-0.050738,-0.9962,-0.070741,-0.16094,-0.06175,0.98503,-0.98566,0.061364,-0.1572
0.1002,-0.94311,0.31702,-0.16137,0.299,0.94051,-0.98179,-0.1454,-0.12223,-0.051664,-0.99608,-0.071866,-0.16162,-0.062674,0.98486,-0.9855,0.062496,-0.15774
0.099516,-0.94322,0.3169,-0.16285,0.29874,0.94034,-0.98162,-0.14519,-0.12388,-0.052532,-0.99593,-0.073179,-0.16238,-0.063786,0.98467,-0.98533,0.063609,-0.15837
0.099038,-0.94339,0.31657,-0.16458,0.29822,0.9402,-0.98138,-0.14522,-0.12573,-0.053437,-0.99579,-0.074513,-0.16356,-0.064884,0.9844,-0.98508,0.064791,-0.15941
0.098694,-0.94347,0.31642,-0.16668,0.29781,0.93996,-0.98106,-0.14551,-0.12786,-0.054232,-0.99567,-0.075451,-0.16499,-0.065589,0.98411,-0.9848,0.065819,-0.16072
0.098443,-0.94361,0.3161,-0.16933,0.29712,0.9397,-0.98063,-0.14603,-0.13053,-0.054603,-0.99558,-0.076401,-0.16656,-0.066361,0.9838,-0.98452,0.066443,-0.1622
0.098261,-0.94384,0.31545,-0.17262,0.29601,0.93946,-0.98007,-0.14677,-0.13384,-0.054754,-0.9955,-0.077376,-0.16814,-0.067193,0.98347,-0.98424,0.066859,-0.16371
0.097986,-0.94417,0.31454,-0.17667,0.29454,0.93917,-0.97938,-0.1476,-0.13795,-0.054778,-0.99541,-0.078491,-0.17012,-0.068155,0.98306,-0.9839,0.067203,-0.16561
0.097758,-0.94453,0.31353,-0.18112,0.2929,0.93883,-0.97859,-0.14857,-0.14244,-0.054379,-0.99536,-0.079389,-0.17231,-0.068959,0.98263,-0.98354,0.067114,-0.16776
0.097625,-0.94486,0.31257,-0.18573,0.29126,0.93844,-0.97774,-0.14967,-0.14705,-0.053059,-0.99538,-0.079995,-0.17431,-0.069646,0.98223,-0.98326,0.06606,-0.16981
0.097561,-0.94531,0.31124,-0.19033,0.28924,0.93814,-0.97686,-0.15077,-0.1517,-0.051049,-0.99543,-0.080685,-0.17634,-0.070537,0.9818,-0.98301,0.064347,-0.17193
0.09758,-0.94586,0.30955,-0.19461,0.28689,0.93799,-0.97601,-0.15177,-0.15608,-0.048976,-0.99548,-0.08137,-0.17817,-0.071453,0.9814,-0.98278,0.062563,-0.17387
0.097799,-0.94651,0.30749,-0.19815,0.28427,0.93804,-0.97528,-0.15267,-0.15975,-0.046682,-0.99554,-0.082038,-0.17932,-0.072442,0.98112,-0.98268,0.060511,-0.17513
0.098285,-0.94717,0.30531,-0.20075,0.28161,0.93829,-0.9747,-0.15351,-0.16247,-0.044111,-0.99562,-0.082409,-0.17969,-0.073237,0.98099,-0.98273,0.058081,-0.17568
0.099109,-0.94779,0.30309,-0.20254,0.279,0.93869,-0.97425,-0.15442,-0.16431,-0.041236,-0.99572,-0.082759,-0.1794,-0.074105,0.98098,-0.98291,0.055299,-0.17558
0.10022,-0.94853,0.30042,-0.20323,0.27606,0.93941,-0.97399,-0.1552,-0.1651,-0.038289,-0.99579,-0.083295,-0.17839,-0.075206,0.98108,-0.98322,0.052423,-0.17475
0.10144,-0.94937,0.29732,-0.20286,0.27285,0.94043,-0.97394,-0.15571,-0.16491,-0.035174,-0.99583,-0.084154,-0.17691,-0.076671,0.98124,-0.9836,0.049402,-0.17348
0.10302,-0.95028,0.29386,-0.20131,0.2694,0.94175,-0.9741,-0.15617,-0.16354,-0.031759,-0.99586,-0.085182,-0.1749,-0.078373,0.98146,-0.98407,0.046068,-0.17168
0.10494,-0.95123,0.2901,-0.19864,0.26578,0.94335,-0.97444,-0.15662,-0.16106,-0.028276,-0.99588,-0.086197,-0.17247,-0.080078,0.98175,-0.98461,0.042627,-0.1695
0.10723,-0.95212,0.28629,-0.19498,0.26222,0.9451,-0.97493,-0.15716,-0.15753,-0.02489,-0.9959,-0.086934,-0.16974,-0.081488,0.98211,-0.98517,0.039202,-0.16702
0.10985,-0.95292,0.28263,-0.1906,0.25888,0.94692,-0.9755,-0.15789,-0.15319,-0.021928,-0.99593,-0.087374,-0.16695,-0.08252,0.98251,-0.98572,0.036132,-0.16446
0.11282,-0.95363,0.27905,-0.18554,0.25568,0.94879,-0.97614,-0.15882,-0.14809,-0.019247,-0.99597,-0.087592,-0.16422,-0.083269,0.9829,-0.98624,0.033303,-0.16196
0.11598,-0.95433,0.27531,-0.17988,0.25242,0.95075,-0.97683,-0.15979,-0.14239,-0.016779,-0.99598,-0.087953,-0.16162,-0.084107,0.98326,-0.98671,0.030713,-0.15956
0.11902,-0.95498,0.27177,-0.17337,0.24952,0.95272,-0.97764,-0.1605,-0.13586,-0.01466,-0.99599,-0.08827,-0.15861,-0.084845,0.98369,-0.98723,0.028421,-0.15673
0.12183,-0.95541,0.26899,-0.16632,0.24753,0.9545,-0.97852,-0.16103,-0.12875,-0.012754,-0.99603,-0.088098,-0.15481,-0.085076,0.98427,-0.98786,0.026192,-0.15311
0.12422,-0.95561,0.26718,-0.15893,0.24663,0.95599,-0.97944,-0.16122,-0.12124,-0.011109,-0.99611,-0.087378,-0.15023,-0.084729,0.98501,-0.98859,0.024069,-0.14871
0.12598,-0.95574,0.26586,-0.15171,0.24629,0.95725,-0.98036,-0.16093,-0.11396,-0.009631,-0.99619,-0.086697,-0.14523,-0.084388,0.98579,-0.98935,0.022085,-0.14386
0.12717,-0.95583,0.26499,-0.14473,0.24642,0.9583,-0.98127,-0.16021,-0.107,-0.0083647,-0.99625,-0.086086,-0.13988,-0.084076,0.98659,-0.99013,0.020294,-0.13865
0.12771,-0.95584,0.26469,-0.1379,0.24717,0.95911,-0.98218,-0.15899,-0.10024,-0.0073031,-0.99633,-0.085226,-0.13401,-0.083484,0.98746,-0.99095,0.018632,-0.13291
0.12812,-0.95564,0.2652,-0.13164,0.24865,0.95961,-0.98298,-0.15786,-0.093945,-0.0063147,-0.99646,-0.083853,-0.12754,-0.082368,0.98841,-0.99181,0.016936,-0.12657
0.12891,-0.95523,0.2663,-0.12672,0.25047,0.9598,-0.98353,-0.15747,-0.088759,-0.0052488,-0.99659,-0.082302,-0.1211,-0.081064,0.98932,-0.99263,0.01516,-0.12026
0.13019,-0.95462,0.26786,-0.12345,0.25245,0.9597,-0.98377,-0.15801,-0.084984,-0.0041655,-0.99674,-0.080576,-0.1155,-0.079558,0.99012,-0.9933,0.013431,-0.11479
0.13191,-0.95396,0.26937,-0.12163,0.25412,0.9595,-0.98377,-0.15933,-0.082507,-0.0029816,-0.99687,-0.078967,-0.11145,-0.078144,0.99069,-0.99377,0.011755,-0.11087
0.13406,-0.95327,0.27074,-0.12057,0.25549,0.95927,-0.98361,-0.16124,-0.080681,-0.0017878,-0.997,-0.077389,-0.10929,-0.076731,0.99104,-0.99401,0.01023,-0.10883
0.13643,-0.95261,0.27189,-0.1198,0.25658,0.95907,-0.98338,-0.16341,-0.079116,-0.00075283,-0.99711,-0.075936,-0.10906,-0.075401,0.99117,-0.99403,0.0090279,-0.10869
0.13865,-0.95203,0.27279,-0.11864,0.2575,0.95897,-0.98321,-0.16532,-0.077252,0.00015823,-0.99721,-0.074585,-0.1103,-0.074148,0.99113,-0.9939,0.0080698,-0.11
0.14042,-0.95154,0.2736,-0.11692,0.25847,0.95892,-0.98316,-0.16664,-0.074961,0.00081422,-0.99731,-0.073284,-0.11259,-0.07291,0.99096,-0.99364,0.0074441,-0.11235
0.1416,-0.95115,0.27435,-0.11482,0.25949,0.95889,-0.98324,-0.16728,-0.072467,0.0012457,-0.9974,-0.072111,-0.11577,-0.07177,0.99068,-0.99328,0.0071139,-0.11555
0.14221,-0.95084,0.27509,-0.11229,0.26062,0.95889,-0.98345,-0.16725,-0.069703,0.0012956,-0.99746,-0.071162,-0.11931,-0.070808,0.99033,-0.99286,0.0072074,-0.1191
0.14223,-0.95057,0.27603,-0.10936,0.26207,0.95883,-0.98377,-0.16657,-0.06668,0.00087317,-0.99753,-0.070185,-0.12273,-0.069761,0.98999,-0.99244,0.0077492,-0.12249
0.14147,-0.95038,0.27706,-0.10611,0.2637,0.95875,-0.98424,-0.16504,-0.063543,-7.8496e-05,-0.99759,-0.069346,-0.12576,-0.068786,0.98967,-0.99206,0.0087988,-0.12545
0.14022,-0.95024,0.27818,-0.1027,0.26549,0.95863,-0.98478,-0.16299,-0.060363,-0.0013622,-0.99764,-0.068585,-0.12819,-0.067845,0.98943,-0.99175,0.01014,-0.1278
0.13865,-0.95012,0.27938,-0.099372,0.26733,0.95847,-0.98534,-0.16065,-0.057349,-0.0030851,-0.99768,-0.06796,-0.13002,-0.066983,0.98925,-0.99151,0.011888,-0.12952
0.13675,-0.95,0.2807,-0.096542,0.26924,0.95822,-0.98589,-0.15814,-0.054897,-0.0051216,-0.99771,-0.067402,-0.13144,-0.066146,0.98912,-0.99131,0.013925,-0.1308
0.13468,-0.9499,0.28206,-0.094101,0.2711,0.95794,-0.98641,-0.15556,-0.052874,-0.007172,-0.99773,-0.066959,-0.13242,-0.065423,0.98903,-0.99117,0.01596,-0.13165
0.13266,-0.94985,0.28316,-0.091828,0.27267,0.95771,-0.9869,-0.15306,-0.05105,-0.0090891,-0.99774,-0.066575,-0.13314,-0.064777,0.98898,-0.99106,0.017852,-0.13225
0.13089,-0.94983,0.28408,-0.08963,0.27403,0.95753,-0.98734,-0.15079,-0.049265,-0.010917,-0.99775,-0.066198,-0.13364,-0.064152,0.98895,-0.99097,0.019643,-0.13264
0.12957,-0.94983,0.28467,-0.087683,0.27499,0.95744,-0.98769,-0.14902,-0.047653,-0.012469,-0.99775,-0.065876,-0.1343,-0.063613,0.9889,-0.99086,0.021178,-0.1332
0.12921,-0.94981,0.28488,-0.086031,0.27547,0.95745,-0.98788,-0.14822,-0.04612,-0.013509,-0.99775,-0.065607,-0.1351,-0.06319,0.98882,-0.99074,0.022221,-0.13394
0.12985,-0.9497,0.28498,-0.084399,0.27578,0.95751,-0.98794,-0.14838,-0.044344,-0.014257,-0.99778,-0.06511,-0.13584,-0.062581,0.98875,-0.99063,0.022941,-0.13464
0.13105,-0.94959,0.2848,-0.082452,0.27584,0.95766,-0.98794,-0.14898,-0.042147,-0.014694,-0.99781,-0.064497,-0.13653,-0.061897,0.9887,-0.99053,0.023334,-0.13532
0.13262,-0.94952,0.28431,-0.080029,0.27565,0.95792,-0.98793,-0.14979,-0.039432,-0.014757,-0.99786,-0.063754,-0.13696,-0.061143,0.98869,-0.99047,0.023321,-0.13576
0.13434,-0.94948,0.28364,-0.077009,0.27536,0.95825,-0.98794,-0.15057,-0.036126,-0.014654,-0.9979,-0.063131,-0.13692,-0.06054,0.98873,-0.99047,0.023133,-0.13574
0.13628,-0.94947,0.28271,-0.073543,0.27489,0.95866,-0.98794,-0.15143,-0.032365,-0.014291,-0.99793,-0.062667,-0.13651,-0.06014,0.98881,-0.99054,0.022686,-0.13537
0.13832,-0.94951,0.28159,-0.069888,0.27425,0.95911,-0.98792,-0.15235,-0.028424,-0.013869,-0.99796,-0.062389,-0.13565,-0.059941,0.98894,-0.99066,0.022179,-0.13454
0.14061,-0.94958,0.28023,-0.065892,0.27343,0.95963,-0.98787,-0.1534,-0.024123,-0.01321,-0.99796,-0.062397,-0.13398,-0.060073,0.98916,-0.9909,0.021426,-0.13291
0.14309,-0.94974,0.27841,-0.061464,0.27223,0.96027,-0.9878,-0.15452,-0.019421,-0.012532,-0.99794,-0.062915,-0.13156,-0.060728,0.98945,-0.99123,0.020677,-0.13053
0.14583,-0.94992,0.2764,-0.056835,0.27088,0.96093,-0.98768,-0.15584,-0.014487,-0.011794,-0.99791,-0.06361,-0.12854,-0.061574,0.98979,-0.99163,0.01985,-0.12755
0.14885,-0.95011,0.2741,-0.052186,0.26926,0.96165,-0.98748,-0.15745,-0.0095031,-0.01103,-0.99786,-0.064453,-0.12528,-0.06257,0.99015,-0.99206,0.018996,-0.12432
0.15213,-0.95033,0.27152,-0.04757,0.26736,0.96242,-0.98721,-0.15933,-0.0045329,-0.010215,-0.9978,-0.065502,-0.12187,-0.063775,0.9905,-0.99249,0.0181,-0.12095
0.15567,-0.95052,0.26883,-0.04328,0.26532,0.96319,-0.98686,-0.16158,0.00016542,-0.0093714,-0.99773,-0.06664,-0.11878,-0.06506,0.99079,-0.99288,0.0172,-0.1179
0.15949,-0.95068,0.26601,-0.039542,0.26309,0.96396,-0.98641,-0.16426,0.0043701,-0.0085007,-0.99765,-0.067961,-0.11631,-0.066516,0.99098,-0.99318,0.016328,-0.11547
0.16342,-0.95081,0.26315,-0.036124,0.26079,0.96472,-0.9859,-0.16716,0.0082709,-0.0074728,-0.99756,-0.06941,-0.11427,-0.068105,0.99111,-0.99342,0.015338,-0.11349
0.1674,-0.95094,0.26016,-0.032922,0.25835,0.96549,-0.98534,-0.17019,0.01194,-0.0064208,-0.99746,-0.070959,-0.11261,-0.069788,0.99119,-0.99362,0.014355,-0.11187
0.17151,-0.95094,0.25747,-0.029737,0.25622,0.96616,-0.98473,-0.17336,0.015667,-0.0054306,-0.99736,-0.072358,-0.1111,-0.071309,0.99125,-0.99379,0.013422,-0.11042
0.17575,-0.95086,0.2549,-0.026874,0.2542,0.96678,-0.98407,-0.17676,0.019121,-0.0044818,-0.99727,-0.073656,-0.10952,-0.072724,0.99132,-0.99397,0.01251,-0.10889
0.17996,-0.9508,0.25216,-0.024312,0.25197,0.96743,-0.98337,-0.18023,0.022229,-0.003715,-0.99717,-0.075051,-0.10774,-0.074216,0.99141,-0.99417,0.011769,-0.10716
0.18409,-0.95077,0.24929,-0.022081,0.24956,0.96811,-0.98266,-0.18372,0.024947,-0.003162,-0.99707,-0.076437,-0.10551,-0.075678,0.99153,-0.99441,0.011201,-0.10497
0.18812,-0.95073,0.24644,-0.019863,0.24718,0.96877,-0.98195,-0.18713,0.027615,-0.0028961,-0.99696,-0.077846,-0.10277,-0.077137,0.99171,-0.9947,0.010872,-0.10223
0.19182,-0.95076,0.24344,-0.017729,0.24465,0.96945,-0.98127,-0.19028,0.030073,-0.0030159,-0.99684,-0.079378,-0.099773,-0.078683,0.99189,-0.99501,0.010911,-0.099221
0.19513,-0.95087,0.24034,-0.016,0.24193,0.97016,-0.98065,-0.19315,0.031993,-0.0034423,-0.99671,-0.081027,-0.096787,-0.080315,0.99206,-0.9953,0.011257,-0.096192
0.19833,-0.95105,0.23699,-0.014643,0.23889,0.97094,-0.98003,-0.19604,0.033454,-0.004148,-0.99655,-0.082908,-0.093924,-0.082154,0.99218,-0.99557,0.011903,-0.093259
0.20134,-0.95122,0.23376,-0.013492,0.23593,0.97168,-0.97943,-0.19879,0.034668,-0.0048902,-0.99641,-0.084543,-0.091427,-0.083744,0.99228,-0.9958,0.012582,-0.090689
0.2042,-0.95143,0.2304,-0.012072,0.23289,0.97243,-0.97885,-0.20135,0.036071,-0.0056527,-0.99628,-0.085999,-0.089137,-0.085156,0.99237,-0.996,0.013275,-0.088324
0.20694,-0.95169,0.22688,-0.010364,0.22975,0.97319,-0.9783,-0.20374,0.037681,-0.0062298,-0.99615,-0.087499,-0.087352,-0.086624,0.9924,-0.99616,0.013826,-0.086476
0.20941,-0.95202,0.22316,-0.0084615,0.22644,0.97399,-0.97779,-0.20585,0.039363,-0.0066557,-0.99601,-0.089035,-0.08613,-0.088135,0.99238,-0.99626,0.014274,-0.085199
0.21176,-0.95239,0.21937,-0.0063539,0.22311,0.97477,-0.9773,-0.20781,0.041193,-0.0070753,-0.99587,-0.090515,-0.085523,-0.089583,0.9923,-0.99631,0.014762,-0.084536
0.214,-0.95277,0.21548,-0.0043545,0.21966,0.97557,-0.97682,-0.20971,0.042859,-0.0075668,-0.99574,-0.091853,-0.085408,-0.090877,0.99219,-0.99632,0.015353,-0.084357
0.21623,-0.95314,0.21157,-0.0025542,0.21615,0.97636,-0.97634,-0.21166,0.044302,-0.0079156,-0.99563,-0.093097,-0.085642,-0.092082,0.99206,-0.99629,0.015826,-0.084539
0.21832,-0.95349,0.20785,-0.00091775,0.21279,0.9771,-0.97588,-0.21351,0.04558,-0.0081516,-0.99553,-0.094121,-0.08624,-0.093074,0.99192,-0.99624,0.016203,-0.085096
0.22029,-0.95384,0.2041,0.00067582,0.20939,0.97783,-0.97544,-0.21526,0.04677,-0.0083731,-0.99544,-0.095063,-0.087025,-0.09398,0.99176,-0.99617,0.016577,-0.085841
0.22208,-0.95421,0.20041,0.0020967,0.20601,0.97855,-0.97503,-0.21689,0.04775,-0.0085109,-0.99535,-0.095912,-0.088187,-0.094794,0.99158,-0.99607,0.016897,-0.08697
0.2237,-0.95455,0.19695,0.0028192,0.2027,0.97924,-0.97465,-0.2185,0.048035,-0.0088934,-0.99528,-0.096587,-0.089731,-0.095406,0.99139,-0.99593,0.017484,-0.08846
0.22515,-0.95488,0.19367,0.0030421,0.19946,0.9799,-0.97432,-0.22003,0.047814,-0.009629,-0.99523,-0.097049,-0.091241,-0.095775,0.99121,-0.99578,0.018399,-0.089884
0.22647,-0.95518,0.19066,0.003011,0.19643,0.98051,-0.97401,-0.22148,0.047361,-0.010515,-0.99517,-0.097629,-0.092723,-0.096243,0.99103,-0.99564,0.019473,-0.091263
0.22755,-0.95547,0.18785,0.002798,0.19355,0.98109,-0.97376,-0.22272,0.046717,-0.011495,-0.99511,-0.09806,-0.094297,-0.096551,0.99085,-0.99548,0.020637,-0.092726
0.22838,-0.95581,0.18511,0.0026474,0.19075,0.98164,-0.97357,-0.22369,0.046093,-0.012545,-0.99506,-0.098463,-0.096083,-0.096815,0.99065,-0.99529,0.021888,-0.094394
