0.21959,-0.91152,0.34772,0.18966,0.38951,0.90128,-0.95698,-0.13196,0.25841,-0.083711,-0.99406,0.069519,-0.048914,0.073779,0.99607,-0.99529,0.079982,-0.0548
0.22557,-0.91007,0.34769,0.19671,0.39208,0.89865,-0.95416,-0.13432,0.26746,-0.084869,-0.99363,0.074205,-0.038721,0.077707,0.99622,-0.99564,0.081676,-0.045069
0.23159,-0.90841,0.34808,0.20344,0.39512,0.89582,-0.9513,-0.13665,0.27632,-0.085708,-0.99323,0.078371,-0.03145,0.081319,0.99619,-0.99582,0.082917,-0.038207
0.23701,-0.90693,0.34827,0.20903,0.3977,0.89339,-0.94875,-0.13895,0.28384,-0.086687,-0.9928,0.082607,-0.023986,0.084975,0.99609,-0.99595,0.084367,-0.031179
0.2413,-0.90577,0.34835,0.21421,0.39981,0.89121,-0.94651,-0.14043,0.2905,-0.086983,-0.99242,0.086816,-0.01422,0.088374,0.99599,-0.99611,0.085399,-0.0218
0.24441,-0.90487,0.34853,0.21848,0.40158,0.88938,-0.94474,-0.14122,0.29585,-0.087931,-0.99193,0.091378,-0.0051423,0.092184,0.99573,-0.99611,0.087086,-0.013207
0.24669,-0.90397,0.34925,0.22414,0.40384,0.88694,-0.94282,-0.14052,0.30225,-0.089404,-0.99128,0.096755,0.0043928,0.09675,0.9953,-0.99599,0.089408,-0.0042953
0.24851,-0.90308,0.35027,0.23196,0.40657,0.88368,-0.94044,-0.13836,0.31052,-0.092888,-0.99026,0.1037,0.018522,0.10241,0.99457,-0.9955,0.094304,0.0088295
0.2507,-0.90174,0.35215,0.2378,0.40999,0.88055,-0.9384,-0.13701,0.31722,-0.097259,-0.98896,0.11181,0.035093,0.10886,0.99344,-0.99464,0.10054,0.024118
0.25572,-0.90006,0.35284,0.247,0.41369,0.87627,-0.93467,-0.13693,0.3281,-0.10079,-0.98781,0.11862,0.048437,0.11421,0.99228,-0.99373,0.10576,0.036336
0.26381,-0.89794,0.35228,0.25297,0.41685,0.87307,-0.93081,-0.14121,0.33712,-0.10418,-0.9867,0.12478,0.060944,0.1189,0.99103,-0.99269,0.11085,0.047747
0.27436,-0.895,0.35171,0.25512,0.42038,0.87074,-0.92717,-0.14917,0.34367,-0.10548,-0.9859,0.12994,0.070617,0.12291,0.9899,-0.99191,0.11359,0.056657
0.28762,-0.89131,0.3505,0.26686,0.42605,0.86445,-0.91981,-0.1551,0.3604,-0.10533,-0.98556,0.13259,0.076585,0.12489,0.98921,-0.99148,0.11435,0.062324
0.29491,-0.89,0.34774,0.27155,0.42698,0.86252,-0.91613,-0.15994,0.3676,-0.10593,-0.98517,0.13498,0.08185,0.12664,0.98857,-0.991,0.11577,0.067221
0.29991,-0.88889,0.34631,0.27741,0.42859,0.85986,-0.91274,-0.16181,0.37512,-0.10486,-0.98497,0.13726,0.087773,0.12831,0.98784,-0.99061,0.11563,0.072999
0.3017,-0.88817,0.3466,0.28771,0.43141,0.85505,-0.90896,-0.15825,0.38569,-0.10124,-0.98509,0.13908,0.095834,0.1295,0.98694,-0.99024,0.11324,0.081295
0.30097,-0.88865,0.34601,0.29085,0.43108,0.85415,-0.9082,-0.15643,0.3882,-0.096912,-0.98529,0.14076,0.10453,0.13057,0.98591,-0.98979,0.11026,0.090342
0.29904,-0.8897,0.34496,0.28792,0.42878,0.8563,-0.90977,-0.15675,0.38439,-0.093107,-0.985,0.14528,0.11726,0.13405,0.98401,-0.98873,0.10865,0.10302
0.29381,-0.89207,0.34335,0.27686,0.42323,0.86268,-0.91489,-0.1584,0.37133,-0.090014,-0.9843,0.1518,0.13303,0.13917,0.98129,-0.98702,0.10852,0.11841
0.28721,-0.89475,0.34197,0.26532,0.41735,0.86915,-0.92039,-0.1589,0.35726,-0.087515,-0.98368,0.15724,0.14586,0.14349,0.97884,-0.98543,0.1086,0.13093
0.27948,-0.89777,0.34043,0.2491,0.41022,0.87731,-0.92727,-0.16039,0.33829,-0.085289,-0.98313,0.1618,0.15615,0.14719,0.9767,-0.98404,0.10857,0.14096
0.27071,-0.90109,0.33874,0.22887,0.40204,0.88656,-0.93506,-0.16247,0.31507,-0.08465,-0.98202,0.16875,0.171,0.15253,0.97339,-0.98163,0.11125,0.15501
0.25875,-0.90565,0.33594,0.20307,0.39101,0.89771,-0.94436,-0.16406,0.28508,-0.085818,-0.97935,0.18305,0.20034,0.16301,0.96607,-0.97596,0.11958,0.18222
0.24817,-0.90912,0.33454,0.18499,0.38347,0.90484,-0.95089,-0.16267,0.26334,-0.088893,-0.9762,0.1978,0.22999,0.1731,0.95767,-0.96912,0.13062,0.20913
0.23925,-0.91121,0.33533,0.17791,0.38066,0.90744,-0.95452,-0.15745,0.25319,-0.094442,-0.97328,0.20931,0.2526,0.17994,0.95069,-0.96295,0.14266,0.22885
0.23004,-0.91303,0.33683,0.17592,0.37943,0.90834,-0.95715,-0.1497,0.24791,-0.10153,-0.9707,0.2178,0.26936,0.18394,0.94531,-0.95767,0.15464,0.24279
0.21867,-0.9155,0.33769,0.16899,0.37637,0.91093,-0.96106,-0.14213,0.23701,-0.10891,-0.96792,0.22644,0.28571,0.1877,0.93976,-0.95211,0.16704,0.2561
0.20664,-0.9179,0.33876,0.16206,0.37356,0.91334,-0.9649,-0.13383,0.22595,-0.11584,-0.96412,0.23886,0.31057,0.19326,0.9307,-0.94347,0.182,0.27704
0.19415,-0.92022,0.33985,0.15411,0.37075,0.91586,-0.96879,-0.12544,0.21379,-0.12123,-0.95936,0.25482,0.34291,0.20043,0.91774,-0.93151,0.19864,0.30468
0.18263,-0.92222,0.34081,0.14423,0.36802,0.91856,-0.97254,-0.1186,0.20023,-0.12234,-0.95411,0.27332,0.38093,0.20916,0.90064,-0.91648,0.2143,0.33786
0.17346,-0.92388,0.34111,0.13091,0.36491,0.92179,-0.9761,-0.11524,0.18424,-0.11918,-0.94913,0.29147,0.41751,0.21844,0.88202,-0.90082,0.22681,0.37024
0.16518,-0.92504,0.34207,0.12093,0.36321,0.92383,-0.97882,-0.11123,0.17186,-0.11654,-0.94447,0.30724,0.44766,0.22619,0.86512,-0.88658,0.23836,0.39644
0.15741,-0.926,0.34313,0.11335,0.36211,0.92522,-0.98101,-0.10674,0.16197,-0.11576,-0.94034,0.31995,0.47248,0.23121,0.85047,-0.87371,0.24962,0.41753
0.14734,-0.92714,0.34453,0.10788,0.36132,0.92618,-0.98319,-0.099292,0.15325,-0.11878,-0.93727,0.32773,0.48592,0.23297,0.84238,-0.8659,0.25931,0.42776
0.13511,-0.92841,0.34612,0.10432,0.36071,0.92682,-0.98532,-0.08911,0.14559,-0.12564,-0.93513,0.33127,0.49116,0.23149,0.83975,-0.86196,0.26821,0.43022
0.12256,-0.92948,0.34791,0.10064,0.36038,0.92736,-0.98735,-0.078641,0.13771,-0.1339,-0.93446,0.32992,0.48712,0.22785,0.84309,-0.86301,0.2736,0.42468
0.11251,-0.93032,0.34908,0.096695,0.35989,0.92797,-0.98893,-0.070653,0.13045,-0.14305,-0.93472,0.32531,0.47587,0.22325,0.85071,-0.86781,0.2765,0.41287
0.10564,-0.93064,0.35035,0.096332,0.36024,0.92787,-0.98973,-0.064271,0.12771,-0.15227,-0.93419,0.32265,0.46858,0.2192,0.8558,-0.8702,0.2815,0.40436
0.10214,-0.93058,0.35156,0.092971,0.36079,0.928,-0.99042,-0.0621,0.12337,-0.15925,-0.93368,0.32076,0.46349,0.21617,0.85933,-0.87167,0.28552,0.39833
0.10046,-0.93095,0.35106,0.088051,0.35978,0.92887,-0.99104,-0.062405,0.11811,-0.16143,-0.93535,0.31474,0.45228,0.21334,0.86598,-0.87715,0.28215,0.3886
0.10028,-0.93164,0.34928,0.08281,0.35765,0.93018,-0.99151,-0.064358,0.11301,-0.1614,-0.93815,0.30632,0.43698,0.21037,0.87452,-0.88487,0.275,0.376
0.10178,-0.93193,0.34806,0.08065,0.35646,0.93083,-0.99153,-0.066668,0.11144,-0.16224,-0.94049,0.29858,0.42248,0.20724,0.88236,-0.89173,0.2693,0.36372
0.10521,-0.93156,0.34804,0.085208,0.35714,0.93015,-0.99079,-0.068209,0.11695,-0.16176,-0.94336,0.28967,0.40517,0.20416,0.89115,-0.89982,0.26152,0.3492
0.1084,-0.93038,0.35021,0.09718,0.36051,0.92768,-0.98935,-0.066525,0.12949,-0.15977,-0.94617,0.28148,0.38883,0.20177,0.89894,-0.90735,0.25307,0.33567
0.10927,-0.92779,0.35674,0.12631,0.36894,0.92083,-0.98595,-0.05556,0.1575,-0.15391,-0.94888,0.27558,0.37664,0.20151,0.90418,-0.91349,0.24296,0.32637
0.10719,-0.92429,0.36632,0.17251,0.38014,0.9087,-0.97916,-0.034208,0.2002,-0.14784,-0.95098,0.27162,0.36744,0.20217,0.90781,-0.91822,0.23401,0.31954
0.10311,-0.92057,0.37671,0.2201,0.39046,0.89392,-0.97001,-0.0092586,0.24287,-0.14013,-0.9555,0.2596,0.3432,0.19906,0.91793,-0.92875,0.21773,0.30003
0.09775,-0.91892,0.38214,0.27651,0.39394,0.87656,-0.95603,0.019984,0.2926,-0.13724,-0.96161,0.23765,0.31432,0.18524,0.93107,-0.93935,0.20248,0.27683
0.092321,-0.91672,0.38873,0.31707,0.39714,0.86125,-0.9439,0.043743,0.32733,-0.1293,-0.97044,0.20378,0.25302,0.16642,0.95304,-0.95878,0.17479,0.22402
0.08717,-0.91317,0.39815,0.33688,0.40315,0.85087,-0.9375,0.059958,0.34277,-0.11063,-0.97771,0.17847,0.19735,0.15439,0.9681,-0.97407,0.14233,0.17587
0.080625,-0.91071,0.4051,0.36917,0.40481,0.83657,-0.92586,0.082103,0.36884,-0.093437,-0.98344,0.1553,0.16256,0.13882,0.97688,-0.98226,0.11652,0.1469
0.07399,-0.90761,0.41325,0.40713,0.40577,0.81829,-0.91037,0.1077,0.39954,-0.089023,-0.98753,0.12984,0.11705,0.11909,0.98596,-0.98913,0.10297,0.10499
0.070298,-0.90577,0.41789,0.43359,0.40503,0.80495,-0.89836,0.12461,0.42121,-0.087821,-0.98926,0.11688,0.099179,0.10807,0.98918,-0.99119,0.098463,0.088622
0.069283,-0.90615,0.41724,0.44483,0.40243,0.80011,-0.89293,0.13017,0.43097,-0.077917,-0.99151,0.10408,0.088692,0.097091,0.99132,-0.99301,0.086472,0.080375
0.067448,-0.9066,0.41658,0.4561,0.39936,0.79529,-0.88737,0.13636,0.44044,-0.049265,-0.99577,0.077518,0.057041,0.074681,0.99557,-0.99716,0.053469,0.053121
0.065555,-0.90714,0.41569,0.46666,0.3961,0.79078,-0.882,0.14215,0.44929,-0.013753,-0.99905,0.04134,0.0056372,0.041265,0.99913,-0.99989,0.013974,0.0050644
0.064198,-0.90802,0.41397,0.47449,0.39271,0.78781,-0.87792,0.14585,0.45606,0.0012393,-0.99973,0.023215,-0.01548,0.023193,0.99961,-0.99988,-0.0015981,-0.015447
0.06255,-0.9089,0.41229,0.48273,0.38911,0.78458,-0.87353,0.14995,0.46309,-0.0025705,-0.99978,0.020715,-0.0093268,0.020738,0.99974,-0.99995,0.0023767,-0.0093781
0.062549,-0.90996,0.40995,0.48803,0.38618,0.78274,-0.87058,0.15111,0.46825,-0.004249,-0.99984,0.017557,-0.01021,0.0176,0.99979,-0.99994,0.0040688,-0.010283
0.066665,-0.91155,0.40575,0.48905,0.38431,0.78303,-0.8697,0.14623,0.47141,-0.00037198,-0.99995,0.0098484,-0.021098,0.0098541,0.99973,-0.99978,0.0001641,-0.0211
0.07484,-0.91327,0.40042,0.48535,0.38414,0.78541,-0.87111,0.13557,0.47201,0.00020494,-0.99998,0.0058287,-0.02301,0.0058225,0.99972,-0.99974,-0.00033901,-0.023009
0.086487,-0.91489,0.39433,0.4739,0.38595,0.79149,-0.87632,0.11842,0.46695,0.0040469,-0.99999,0.0021315,-0.02889,0.0020137,0.99958,-0.99957,-0.0041068,-0.028882
0.096032,-0.91666,0.38795,0.45701,0.38685,0.80093,-0.88426,0.10038,0.45607,0.0010879,-0.99999,0.0036202,-0.029424,0.0035866,0.99956,-0.99957,-0.0011939,-0.029419
0.10322,-0.91803,0.38284,0.44305,0.38704,0.80865,-0.89054,0.086151,0.44668,-0.0019448,-0.99999,0.0050371,-0.034493,0.0051012,0.99939,-0.9994,0.0017698,-0.034502
0.11021,-0.91897,0.37862,0.43707,0.38694,0.81194,-0.89265,0.076004,0.4443,-0.011837,-0.99991,0.0057173,-0.04234,0.0062138,0.99908,-0.99903,0.011584,-0.04241
0.11563,-0.91923,0.37636,0.4326,0.38768,0.81398,-0.89414,0.068694,0.44249,-0.020472,-0.99976,0.0076007,-0.050296,0.0086225,0.9987,-0.99852,0.020063,-0.050461
0.11842,-0.91947,0.37491,0.4311,0.38773,0.81475,-0.8945,0.06514,0.4423,-0.026149,-0.99961,0.0097899,-0.056896,0.011266,0.99832,-0.99804,0.025548,-0.057168
0.12002,-0.92032,0.3723,0.43695,0.38571,0.81259,-0.89144,0.065144,0.44842,-0.029653,-0.99951,0.010319,-0.056901,0.011995,0.99831,-0.99794,0.029015,-0.057228
0.12368,-0.92038,0.37094,0.43797,0.38606,0.81187,-0.89044,0.062046,0.45085,-0.027131,-0.99958,0.010472,-0.058863,0.012055,0.99819,-0.9979,0.026465,-0.059165
0.12716,-0.92042,0.36968,0.43687,0.38658,0.81222,-0.89049,0.05822,0.45126,-0.02099,-0.99973,0.010334,-0.061026,0.011598,0.99807,-0.99792,0.020319,-0.061252
0.12931,-0.92105,0.36736,0.4371,0.38548,0.81262,-0.89007,0.055492,0.45244,-0.012478,-0.99989,0.0074967,-0.066008,0.0083046,0.99778,-0.99774,0.011955,-0.066104
0.13057,-0.92183,0.36493,0.43535,0.384,0.81426,-0.89074,0.052558,0.45146,-0.0025716,-0.99999,0.0026376,-0.075851,0.0028251,0.99712,-0.99712,0.0023641,-0.075858
0.13146,-0.92241,0.36316,0.4316,0.38305,0.8167,-0.89243,0.049377,0.44847,0.0054014,-0.99998,-0.0022459,-0.087256,-0.0027087,0.99618,-0.99617,-0.0051848,-0.087269
0.13185,-0.92305,0.36138,0.42894,0.38179,0.81868,-0.89366,0.047064,0.44627,0.010419,-0.99993,-0.0062928,-0.098649,-0.0072902,0.9951,-0.99507,-0.0097467,-0.098717
0.13158,-0.92395,0.35917,0.42813,0.37975,0.82006,-0.89409,0.045869,0.44554,0.013969,-0.99986,-0.0093609,-0.10673,-0.010799,0.99423,-0.99419,-0.012889,-0.10686
0.13155,-0.92456,0.3576,0.42564,0.37847,0.82195,-0.89528,0.044079,0.44332,0.017322,-0.99978,-0.01178,-0.11152,-0.01364,0.99367,-0.99361,-0.015899,-0.11173
0.13105,-0.92533,0.35578,0.42362,0.37673,0.82378,-0.89631,0.042759,0.44136,0.018335,-0.99974,-0.013503,-0.11496,-0.015524,0.99325,-0.9932,-0.016659,-0.11522
0.13,-0.92628,0.3537,0.41976,0.37459,0.82673,-0.89828,0.04099,0.43751,0.017504,-0.99973,-0.015584,-0.11797,-0.017542,0.99286,-0.99286,-0.01554,-0.11825
0.12871,-0.92707,0.35211,0.41155,0.37298,0.83158,-0.90225,0.03788,0.42954,0.01635,-0.99972,-0.0173,-0.12482,-0.019208,0.99199,-0.99204,-0.014059,-0.1251
0.12812,-0.9278,0.35039,0.39932,0.37166,0.8381,-0.90782,0.03254,0.4181,0.014268,-0.99972,-0.018859,-0.13242,-0.020584,0.99098,-0.99109,-0.011642,-0.13267
0.12796,-0.92881,0.34777,0.38502,0.36967,0.84564,-0.91399,0.025693,0.40491,0.011112,-0.99974,-0.019869,-0.13573,-0.021194,0.99052,-0.99068,-0.00831,-0.13594
0.12761,-0.92997,0.34478,0.36933,0.36718,0.85368,-0.9205,0.018405,0.39032,0.0042099,-0.9998,-0.019627,-0.13261,-0.020012,0.99097,-0.99116,-0.0015692,-0.13267
0.12643,-0.93115,0.34203,0.35167,0.36447,0.86226,-0.92755,0.011263,0.37354,-0.0057076,-0.99983,-0.017362,-0.12689,-0.016498,0.99178,-0.9919,0.0078638,-0.12678
0.12518,-0.93218,0.33965,0.33106,0.36197,0.87143,-0.93527,0.0033559,0.35392,-0.01798,-0.99974,-0.013706,-0.11893,-0.011472,0.99284,-0.99274,0.019481,-0.1187
0.12388,-0.93317,0.33741,0.31301,0.35942,0.87911,-0.94164,-0.0032933,0.33662,-0.031728,-0.99944,-0.010697,-0.10841,-0.0071982,0.99408,-0.9936,0.0327,-0.10812
0.12162,-0.93403,0.33585,0.30191,0.35714,0.88391,-0.94555,-0.0061047,0.32543,-0.045126,-0.99894,-0.0085464,-0.098993,-0.0040415,0.99508,-0.99406,0.04575,-0.098706
0.11731,-0.93495,0.33481,0.29926,0.35475,0.88577,-0.94693,-0.0037173,0.32141,-0.062692,-0.99802,-0.0049365,-0.084034,0.00034991,0.99646,-0.99449,0.062885,-0.083889
0.11297,-0.93572,0.33417,0.29966,0.35274,0.88644,-0.94733,-3.1989e-06,0.32025,-0.08026,-0.99677,-0.0014737,-0.068474,0.0040386,0.99764,-0.99442,0.080172,-0.068578
0.10967,-0.93633,0.33356,0.29931,0.35112,0.8872,-0.94783,0.0025353,0.31876,-0.093849,-0.99559,0.00085233,-0.05739,0.0062645,0.99833,-0.99393,0.093644,-0.057724
0.10605,-0.93707,0.33264,0.29798,0.3491,0.88845,-0.94866,0.0049041,0.31625,-0.10552,-0.99441,0.0020856,-0.049403,0.007337,0.99875,-0.99319,0.10529,-0.049901
0.10293,-0.93793,0.33121,0.29054,0.34681,0.8918,-0.95131,0.0044308,0.3082,-0.11353,-0.99353,0.0017733,-0.046493,0.0070955,0.99889,-0.99245,0.11332,-0.046998
0.10039,-0.93876,0.32962,0.28052,0.34456,0.89587,-0.95458,0.0025255,0.29793,-0.11936,-0.99285,0.0012648,-0.044655,0.006641,0.99898,-0.99185,0.11918,-0.045129
0.096472,-0.93956,0.32852,0.27415,0.34237,0.89868,-0.95684,0.0033643,0.29061,-0.12417,-0.99226,0.0004997,-0.043558,0.005954,0.99903,-0.9913,0.12403,-0.04396
0.092903,-0.94035,0.32729,0.26818,0.34019,0.9013,-0.95888,0.0040398,0.28379,-0.1275,-0.99184,-0.00061904,-0.043193,0.004929,0.99905,-0.9909,0.12741,-0.043469
0.091858,-0.9408,0.32628,0.2528,0.33896,0.9062,-0.96315,-0.00075734,0.26897,-0.12663,-0.99195,-0.0020383,-0.045054,0.0036987,0.99898,-0.99093,0.12659,-0.04516
0.091025,-0.94148,0.32454,0.23312,0.33698,0.91219,-0.96818,-0.007377,0.25015,-0.12622,-0.99199,-0.003771,-0.047213,0.0022102,0.99888,-0.99088,0.12626,-0.047114
0.09076,-0.94234,0.32211,0.21029,0.33428,0.91871,-0.97342,-0.015645,0.22851,-0.12745,-0.99183,-0.0060269,-0.048028,0.00010228,0.99885,-0.99068,0.1276,-0.047648
0.090255,-0.94282,0.32085,0.19224,0.3326,0.92327,-0.97719,-0.021648,0.21127,-0.129,-0.99161,-0.0076726,-0.049737,-0.0012575,0.99876,-0.9904,0.12922,-0.049158
0.088737,-0.9434,0.31956,0.17843,0.33069,0.92672,-0.97994,-0.025215,0.19768,-0.12977,-0.9915,-0.0090283,-0.050605,-0.0024705,0.99872,-0.99025,0.13006,-0.049854
0.084912,-0.94446,0.31748,0.16553,0.32757,0.93021,-0.98254,-0.026433,0.18415,-0.13011,-0.99145,-0.0097923,-0.048653,-0.0034799,0.99881,-0.9903,0.13044,-0.047784
0.0796,-0.94573,0.31504,0.15023,0.32382,0.93412,-0.98544,-0.027027,0.16785,-0.13267,-0.9911,-0.010719,-0.045774,-0.0046766,0.99894,-0.9901,0.13302,-0.044747
0.074396,-0.94708,0.31226,0.11587,0.31922,0.94057,-0.99047,-0.033792,0.13349,-0.13695,-0.9905,-0.012707,-0.045369,-0.0065429,0.99895,-0.98954,0.13738,-0.044042
0.070979,-0.94845,0.30886,0.070497,0.31364,0.94692,-0.99498,-0.045438,0.089125,-0.1423,-0.98972,-0.014425,-0.044045,-0.0082271,0.999,-0.98884,0.1428,-0.042421
0.067894,-0.94924,0.30715,0.03969,0.31019,0.94985,-0.9969,-0.052298,0.058735,-0.14803,-0.98887,-0.014946,-0.041503,-0.0088876,0.9991,-0.98811,0.14852,-0.039725
0.061485,-0.95,0.30612,0.025484,0.3081,0.95101,-0.99778,-0.050672,0.043153,-0.15326,-0.98808,-0.014699,-0.03872,-0.0088586,0.99921,-0.98743,0.15371,-0.036901
0.05071,-0.95124,0.30426,0.018065,0.30547,0.95203,-0.99855,-0.042781,0.032674,-0.15739,-0.98742,-0.01531,-0.037298,-0.0095486,0.99926,-0.98683,0.15785,-0.035325
0.03745,-0.95263,0.30183,0.013215,0.30249,0.95306,-0.99921,-0.031704,0.023918,-0.15986,-0.987,-0.016654,-0.037648,-0.010763,0.99923,-0.98642,0.16036,-0.035438
0.024224,-0.95359,0.30012,0.0098073,0.30042,0.95376,-0.99966,-0.02016,0.01663,-0.15945,-0.98703,-0.01854,-0.04113,-0.012122,0.99908,-0.98635,0.16007,-0.038664
0.012087,-0.95423,0.29883,0.014023,0.29898,0.95415,-0.99983,-0.0073424,0.016995,-0.15657,-0.98744,-0.021083,-0.046738,-0.013914,0.99881,-0.98656,0.15737,-0.043973
0.0024325,-0.95479,0.29726,0.01888,0.29725,0.95461,-0.99982,0.0032902,0.01875,-0.15169,-0.98812,-0.024693,-0.053896,-0.016676,0.99841,-0.98696,0.15278,-0.050726
-0.0051358,-0.9553,0.29558,0.021013,0.29542,0.95514,-0.99977,0.011116,0.018557,-0.14388,-0.98916,-0.029168,-0.064008,-0.02011,0.99775,-0.98752,0.14543,-0.060421
-0.010541,-0.95566,0.29427,0.016926,0.29407,0.95563,-0.9998,0.015054,0.013076,-0.13961,-0.98958,-0.035286,-0.067012,-0.026111,0.99741,-0.98794,0.14161,-0.062668
-0.014911,-0.95684,0.29023,0.014024,0.29004,0.95691,-0.99979,0.018339,0.0090939,-0.13606,-0.98992,-0.03942,-0.074281,-0.029485,0.9968,-0.98791,0.13855,-0.06952
-0.017797,-0.95784,0.28675,0.0094534,0.28662,0.958,-0.9998,0.019761,0.0039538,-0.13715,-0.98964,-0.042411,-0.078996,-0.031752,0.99637,-0.9874,0.14,-0.073823
-0.01824,-0.95832,0.28511,-0.0066013,0.28526,0.95843,-0.99981,0.015599,-0.011529,-0.13901,-0.9893,-0.044328,-0.085105,-0.032663,0.99584,-0.98663,0.1422,-0.079654
-0.01658,-0.95911,0.28255,-0.030205,0.28294,0.95866,-0.99941,0.0073605,-0.033661,-0.14172,-0.98885,-0.045749,-0.091492,-0.032934,0.99526,-0.98567,0.14523,-0.085804
-0.013359,-0.96005,0.2795,-0.054123,0.27981,0.95853,-0.99844,-0.0023221,-0.055699,-0.14607,-0.98818,-0.046504,-0.092462,-0.033165,0.99516,-0.98494,0.14967,-0.086524
-0.0092722,-0.96058,0.27784,-0.070839,0.27779,0.95803,-0.99744,-0.010799,-0.070622,-0.14871,-0.98779,-0.046393,-0.093061,-0.032728,0.99512,-0.98449,0.1523,-0.087058
-0.0030133,-0.96082,0.27716,-0.08527,0.2764,0.95725,-0.99635,-0.020749,-0.082762,-0.15064,-0.98751,-0.04621,-0.092393,-0.032476,0.99519,-0.98426,0.15419,-0.086347
0.0049185,-0.9605,0.27824,-0.089205,0.27671,0.9568,-0.996,-0.029526,-0.08432,-0.15438,-0.98695,-0.045736,-0.088144,-0.032348,0.99558,-0.98407,0.15773,-0.082
0.013224,-0.95934,0.28196,-0.080441,0.28005,0.95661,-0.99667,-0.035331,-0.073467,-0.16143,-0.98588,-0.044573,-0.081485,-0.031695,0.99617,-0.98351,0.16445,-0.075217
0.021461,-0.95761,0.28728,-0.066476,0.28534,0.95612,-0.99756,-0.039617,-0.057534,-0.17018,-0.98447,-0.043039,-0.073499,-0.030874,0.99682,-0.98267,0.1728,-0.067104
0.029595,-0.95591,0.29218,-0.050906,0.29048,0.95553,-0.99826,-0.043152,-0.040065,-0.17668,-0.98338,-0.041722,-0.067761,-0.030136,0.99725,-0.98193,0.17902,-0.061311
0.036232,-0.95439,0.29635,-0.036015,0.2951,0.95479,-0.99869,-0.045267,-0.02368,-0.18384,-0.98218,-0.039129,-0.059681,-0.028581,0.99781,-0.98114,0.18577,-0.053363
0.043842,-0.95302,0.29973,-0.029864,0.29864,0.9539,-0.99859,-0.050772,-0.015368,-0.18531,-0.982,-0.036602,-0.05475,-0.026872,0.99814,-0.98115,0.18697,-0.048785
0.050782,-0.95177,0.30257,-0.032498,0.30123,0.953,-0.99818,-0.058228,-0.015633,-0.18766,-0.98169,-0.032718,-0.044818,-0.024717,0.99869,-0.98121,0.18888,-0.039359
0.059308,-0.95122,0.30275,-0.053864,0.29979,0.95248,-0.99679,-0.072797,-0.033457,-0.19007,-0.98131,-0.030065,-0.036371,-0.023564,0.99906,-0.9811,0.19098,-0.031212
0.073373,-0.95078,0.30106,-0.092597,0.29408,0.95128,-0.993,-0.097676,-0.066462,-0.18808,-0.98172,-0.029315,-0.032899,-0.023534,0.99918,-0.9816,0.18889,-0.027871
0.10007,-0.94845,0.30071,-0.16352,0.28244,0.94524,-0.98145,-0.14376,-0.12683,-0.16961,-0.98501,-0.031558,-0.04455,-0.024326,0.99871,-0.9845,0.17079,-0.039756
0.13134,-0.9442,0.30205,-0.24484,0.26435,0.93283,-0.96063,-0.19647,-0.19646,-0.14363,-0.98906,-0.033621,-0.065954,-0.024331,0.99753,-0.98743,0.1455,-0.061738
0.16737,-0.93619,0.30907,-0.344,0.23834,0.90822,-0.92393,-0.25833,-0.28216,-0.10545,-0.99347,-0.043609,-0.11422,-0.031463,0.99296,-0.98784,0.10969,-0.11015
0.18853,-0.92944,0.31717,-0.41061,0.21878,0.88517,-0.89211,-0.29712,-0.34039,-0.081464,-0.99533,-0.051719,-0.14947,-0.039104,0.98799,-0.98541,0.088216,-0.14558
0.20414,-0.92292,0.32642,-0.43333,0.2138,0.87551,-0.87781,-0.32017,-0.35628,-0.071119,-0.99616,-0.050989,-0.15995,-0.039067,0.98635,-0.98456,0.078304,-0.15656
0.22549,-0.91282,0.34047,-0.45538,0.21019,0.86513,-0.86127,-0.35012,-0.36828,-0.055837,-0.99707,-0.052336,-0.17646,-0.041738,0.98342,-0.98272,0.064146,-0.17361
0.24205,-0.90377,0.35299,-0.49623,0.19732,0.84547,-0.83377,-0.37981,-0.40072,-0.02942,-0.99763,-0.062122,-0.21936,-0.05419,0.97414,-0.9752,0.042286,-0.21724
0.25601,-0.89452,0.36646,-0.54747,0.17827,0.81761,-0.7967,-0.40994,-0.44409,0.0028906,-0.99726,-0.073973,-0.27347,-0.071941,0.95919,-0.96188,0.017457,-0.27293
0.26783,-0.88494,0.38099,-0.5999,0.15626,0.78467,-0.75392,-0.43871,-0.48902,0.032142,-0.99581,-0.085633,-0.32254,-0.091428,0.94213,-0.94601,-0.0026621,-0.32413
0.26419,-0.88463,0.38422,-0.64894,0.13167,0.74936,-0.7135,-0.44731,-0.53929,0.057339,-0.99424,-0.090515,-0.36291,-0.10522,0.92586,-0.93006,-0.020239,-0.36685
0.24761,-0.89744,0.36509,-0.68038,0.10721,0.72497,-0.68976,-0.42791,-0.58406,0.041955,-0.99509,-0.089665,-0.35468,-0.098733,0.92976,-0.93405,-0.0072056,-0.35708
0.22626,-0.91909,0.32262,-0.69035,0.082356,0.71877,-0.68718,-0.38535,-0.61586,-0.0111,-0.9966,-0.081656,-0.29335,-0.074822,0.95307,-0.95594,0.034533,-0.29153
0.20256,-0.93778,0.28203,-0.6606,0.081747,0.74627,-0.72289,-0.33747,-0.60294,-0.088722,-0.99376,-0.067656,-0.19342,-0.049442,0.97987,-0.9771,0.10002,-0.18782
0.17737,-0.95122,0.25242,-0.5958,0.10035,0.79684,-0.7833,-0.29172,-0.54894,-0.15965,-0.98594,-0.049361,-0.093347,-0.034701,0.99503,-0.98275,0.16346,-0.086494
0.15256,-0.96006,0.23456,-0.50684,0.12775,0.85252,-0.84843,-0.24895,-0.4671,-0.16639,-0.9854,-0.036113,-0.079743,-0.023056,0.99655,-0.98283,0.1687,-0.074743
0.13868,-0.96336,0.22956,-0.43672,0.14855,0.88725,-0.88884,-0.2233,-0.40012,-0.15056,-0.98839,-0.020271,-0.099593,-0.0052358,0.99501,-0.98357,0.15183,-0.097649
0.13685,-0.96383,0.22869,-0.40373,0.15655,0.90138,-0.90458,-0.21569,-0.3677,-0.12903,-0.99164,0.0031258,-0.13802,0.021081,0.99021,-0.98199,0.12734,-0.13958
0.14436,-0.9641,0.22289,-0.40678,0.14752,0.90154,-0.90205,-0.22081,-0.37088,-0.093436,-0.99543,0.019902,-0.22047,0.040179,0.97457,-0.97091,0.086672,-0.22321
0.16371,-0.97007,0.17934,-0.41047,0.098324,0.90656,-0.89706,-0.22203,-0.38209,-0.055804,-0.99843,-0.0052317,-0.29807,0.011658,0.95447,-0.95291,0.054823,-0.29825
0.15234,-0.97794,0.1429,-0.29262,0.093477,0.95165,-0.94402,-0.18679,-0.27192,-0.038041,-0.99826,-0.044999,-0.30976,-0.031034,0.95031,-0.95005,0.050089,-0.30804
0.071022,-0.97675,0.20227,-0.059008,0.19832,0.97836,-0.99573,-0.081421,-0.043551,-0.035179,-0.99566,-0.086191,-0.27803,-0.073089,0.95779,-0.95993,0.057658,-0.27425
-0.026826,-0.94882,0.31469,0.097819,0.3108,0.94543,-0.99484,0.056144,0.084475,-0.043621,-0.99197,-0.11873,-0.21981,-0.1064,0.96972,-0.97457,0.068398,-0.2134
-0.071618,-0.92927,0.36239,0.11519,0.35318,0.92844,-0.99076,0.10823,0.081744,-0.058094,-0.98921,-0.13452,-0.1577,-0.12396,0.97967,-0.98578,0.078128,-0.1488
-0.093373,-0.91857,0.38407,0.088706,0.37654,0.92214,-0.99167,0.12017,0.046324,-0.046633,-0.98564,-0.16232,-0.12425,-0.15552,0.97999,-0.99116,0.065868,-0.11521
-0.097403,-0.91507,0.39135,0.035018,0.38982,0.92022,-0.99463,0.10334,-0.0059261,-0.013167,-0.97683,-0.21363,-0.1,-0.21129,0.97229,-0.9949,0.034166,-0.094902
-0.09448,-0.91095,0.40156,-0.057548,0.40768,0.91131,-0.99386,0.062991,-0.090941,0.036948,-0.96223,-0.26973,-0.10549,-0.27216,0.95645,-0.99373,-0.0068856,-0.11156
-0.091024,-0.90809,0.40877,-0.12314,0.41758,0.90026,-0.98821,0.031609,-0.14983,0.029167,-0.95711,-0.28824,-0.05639,-0.28948,0.95552,-0.99798,-0.011615,-0.062415
-0.081229,-0.90679,0.41369,-0.18263,0.42157,0.88821,-0.97982,-0.0034046,-0.19985,-0.0065049,-0.95734,-0.2889,0.019759,-0.28898,0.95713,-0.99978,0.00051755,0.020796
-0.074421,-0.90968,0.40859,-0.18177,0.41524,0.89137,-0.98052,-0.0079324,-0.19625,-0.039321,-0.95836,-0.28283,0.076568,-0.28511,0.95543,-0.99629,0.015913,0.084591
-0.053278,-0.92232,0.38274,-0.16379,0.38616,0.90777,-0.98506,-0.014323,-0.17164,-0.03515,-0.95805,-0.28444,0.048623,-0.28592,0.95702,-0.9982,0.019809,0.056634
-0.031418,-0.93341,0.35742,-0.14088,0.35816,0.92297,-0.98953,-0.021356,-0.14275,-0.023204,-0.96105,-0.2754,-0.017626,-0.27504,0.96127,-0.99958,0.02716,-0.010558
0.002523,-0.94995,0.3124,-0.11875,0.30991,0.94332,-0.99292,-0.039479,-0.11203,-0.019883,-0.96725,-0.25304,-0.078922,-0.25078,0.96482,-0.99668,0.039154,-0.071351
0.055835,-0.96841,0.24301,-0.1392,0.23347,0.96235,-0.98869,-0.087561,-0.12177,-0.017279,-0.97513,-0.22098,-0.13797,-0.21657,0.96647,-0.99029,0.047189,-0.1308
0.11587,-0.97654,0.1815,-0.21272,0.15409,0.96489,-0.97022,-0.15041,-0.18987,-0.013166,-0.9826,-0.18527,-0.1945,-0.17923,0.96439,-0.98081,0.048731,-0.18875
0.18258,-0.97159,0.15057,-0.34773,0.079434,0.93422,-0.91964,-0.22293,-0.32335,0.0026916,-0.9865,-0.16374,-0.24621,-0.15936,0.95603,-0.96921,0.037743,-0.24332
0.2448,-0.95744,0.15289,-0.49448,0.012358,0.8691,-0.834,-0.28836,-0.47041,0.015699,-0.98787,-0.1545,-0.2791,-0.15271,0.94804,-0.96013,0.028238,-0.27811
0.28042,-0.94383,0.17477,-0.58659,-0.024382,0.80952,-0.75979,-0.32952,-0.56048,0.015829,-0.98842,-0.15092,-0.2858,-0.14911,0.94662,-0.95816,0.028148,-0.28485
0.30213,-0.93287,0.19615,-0.6426,-0.047321,0.76474,-0.70412,-0.35709,-0.61376,0.011535,-0.9879,-0.15468,-0.27936,-0.15172,0.94812,-0.96012,0.032275,-0.27773
0.32312,-0.92166,0.21477,-0.69028,-0.074291,0.71971,-0.64738,-0.38081,-0.66022,0.0026375,-0.98712,-0.15997,-0.2618,-0.15507,0.95258,-0.96512,0.039367,-0.25884
0.34494,-0.90896,0.2341,-0.73428,-0.10596,0.67053,-0.58468,-0.40318,-0.70398,-0.006593,-0.98636,-0.16446,-0.24186,-0.15801,0.95736,-0.97029,0.046088,-0.23752
0.36226,-0.89678,0.25408,-0.76894,-0.13348,0.62524,-0.52678,-0.42187,-0.73792,-0.01603,-0.98601,-0.16594,-0.2243,-0.15818,0.9616,-0.97439,0.052634,-0.21862
0.37286,-0.88718,0.2718,-0.79063,-0.15045,0.59352,-0.48567,-0.4362,-0.75753,-0.024565,-0.98625,-0.16342,-0.2124,-0.15459,0.96488,-0.97687,0.058413,-0.20568
0.37926,-0.88083,0.28338,-0.79848,-0.15681,0.58124,-0.46754,-0.44671,-0.7628,-0.028549,-0.98738,-0.15579,-0.21455,-0.14617,0.96571,-0.9763,0.060995,-0.20766
0.38493,-0.87578,0.29127,-0.80132,-0.16054,0.57629,-0.45795,-0.45523,-0.76358,-0.027032,-0.98962,-0.14113,-0.23304,-0.13106,0.9636,-0.97209,0.058938,-0.22708
0.38894,-0.87217,0.29672,-0.80039,-0.16042,0.57761,-0.45618,-0.46215,-0.76048,-0.027534,-0.99269,-0.11749,-0.2567,-0.10658,0.9606,-0.9661,0.05661,-0.25189
0.39009,-0.87161,0.29687,-0.79137,-0.15254,0.592,-0.47071,-0.46587,-0.74927,-0.034434,-0.99531,-0.090427,-0.27093,-0.077796,0.95945,-0.96198,0.057537,-0.26698
0.38756,-0.87366,0.29413,-0.77404,-0.13513,0.61854,-0.50065,-0.46739,-0.72862,-0.051588,-0.99644,-0.066696,-0.26067,-0.051034,0.96408,-0.96405,0.06712,-0.25711
0.37649,-0.87853,0.29399,-0.76371,-0.1147,0.63529,-0.5244,-0.46371,-0.71413,-0.072895,-0.99611,-0.049515,-0.24124,-0.030562,0.96998,-0.96772,0.082652,-0.23808
0.36543,-0.88354,0.29293,-0.73796,-0.083183,0.66969,-0.56734,-0.4609,-0.68242,-0.098891,-0.99472,-0.027366,-0.20577,-0.0064653,0.97858,-0.97359,0.1024,-0.20404
0.35905,-0.88712,0.29,-0.70173,-0.051737,0.71056,-0.61535,-0.45863,-0.64109,-0.11817,-0.99297,-0.0075037,-0.17489,0.013373,0.9845,-0.97747,0.11765,-0.17524
0.354,-0.88987,0.28779,-0.67513,-0.030194,0.73708,-0.64721,-0.45522,-0.61147,-0.1309,-0.99136,0.0084039,-0.15487,0.028822,0.98751,-0.97922,0.12797,-0.15731
0.35077,-0.8918,0.28575,-0.65057,-0.01258,0.75934,-0.67359,-0.45225,-0.58459,-0.13955,-0.98994,0.023434,-0.13828,0.042916,0.98946,-0.98051,0.13484,-0.14288
0.34502,-0.89491,0.28303,-0.62275,0.0073482,0.78239,-0.70224,-0.44619,-0.55477,-0.14495,-0.98886,0.033794,-0.12324,0.051932,0.99102,-0.98173,0.13949,-0.12939
0.33295,-0.90167,0.27594,-0.57683,0.036735,0.81603,-0.74593,-0.43087,-0.50788,-0.14491,-0.98881,0.035408,-0.11541,0.052433,0.99193,-0.98269,0.13965,-0.12172
0.31692,-0.90961,0.26863,-0.51096,0.07487,0.85634,-0.79905,-0.40865,-0.44105,-0.13146,-0.99099,0.02551,-0.12233,0.041754,0.99161,-0.98374,0.12724,-0.12672
0.30111,-0.91553,0.26672,-0.44896,0.11066,0.88667,-0.84129,-0.38673,-0.37771,-0.1138,-0.99345,0.010145,-0.13481,0.025558,0.99054,-0.98431,0.11136,-0.13684
0.28629,-0.92026,0.26675,-0.39023,0.14228,0.90966,-0.87508,-0.36452,-0.31839,-0.10212,-0.99475,-0.0070341,-0.13662,0.0070207,0.9906,-0.98535,0.10212,-0.13662
0.27141,-0.92433,0.26825,-0.33253,0.17149,0.92737,-0.9032,-0.34089,-0.26082,-0.098238,-0.99481,-0.026319,-0.12624,-0.013775,0.9919,-0.98712,0.10076,-0.12423
0.25952,-0.92743,0.2693,-0.28163,0.19405,0.9397,-0.92376,-0.31971,-0.21083,-0.097164,-0.99397,-0.05079,-0.1098,-0.040014,0.99315,-0.98919,0.10207,-0.10525
0.25285,-0.93023,0.26596,-0.24155,0.20549,0.94838,-0.93687,-0.30404,-0.17274,-0.09534,-0.99218,-0.080613,-0.093349,-0.071714,0.99305,-0.99106,0.1022,-0.085781
0.2491,-0.93389,0.25652,-0.20631,0.20762,0.95621,-0.94625,-0.29112,-0.14096,-0.089539,-0.99054,-0.10394,-0.086178,-0.096267,0.99162,-0.99225,0.097746,-0.076744
0.24612,-0.93773,0.24514,-0.17213,0.20661,0.96316,-0.95383,-0.27925,-0.11056,-0.079391,-0.9899,-0.11749,-0.089402,-0.11032,0.98987,-0.99283,0.08909,-0.07974
0.24114,-0.94174,0.23446,-0.13492,0.20671,0.96906,-0.96107,-0.26531,-0.077212,-0.074985,-0.98959,-0.12286,-0.089332,-0.11605,0.98922,-0.99318,0.085153,-0.0797
0.23789,-0.94473,0.2256,-0.10062,0.20704,0.97314,-0.96607,-0.2542,-0.045801,-0.074936,-0.98954,-0.12326,-0.083985,-0.11691,0.98959,-0.99365,0.084507,-0.074346
0.23657,-0.94664,0.21887,-0.073845,0.2071,0.97553,-0.9688,-0.24694,-0.020911,-0.074946,-0.98962,-0.12258,-0.079007,-0.11665,0.99003,-0.99405,0.083884,-0.069445
0.23622,-0.94726,0.21657,-0.054056,0.20972,0.97627,-0.9702,-0.24232,-0.0016659,-0.077012,-0.98966,-0.121,-0.071941,-0.11553,0.9907,-0.99443,0.085,-0.0623
0.23492,-0.94763,0.21635,-0.033442,0.21456,0.97614,-0.97144,-0.23655,0.018714,-0.080966,-0.98966,-0.11836,-0.062658,-0.11346,0.99156,-0.99475,0.087699,-0.052824
0.23406,-0.94823,0.21464,-0.013622,0.21755,0.97595,-0.97213,-0.23136,0.038004,-0.084198,-0.98948,-0.11766,-0.054785,-0.1133,0.99205,-0.99494,0.089975,-0.044669
0.23432,-0.94894,0.21119,0.0030059,0.21795,0.97596,-0.97215,-0.22806,0.053923,-0.084777,-0.98921,-0.11952,-0.049782,-0.1156,0.99205,-0.99516,0.090053,-0.039444
0.23519,-0.94972,0.20667,0.018047,0.21687,0.97603,-0.97178,-0.22582,0.068143,-0.083283,-0.98894,-0.12273,-0.047833,-0.11904,0.99174,-0.99538,0.088465,-0.03739
0.23633,-0.95074,0.20061,0.033325,0.21426,0.97621,-0.9711,-0.22402,0.082321,-0.084628,-0.98834,-0.12661,-0.042278,-0.12339,0.99146,-0.99552,0.089258,-0.031342
0.23691,-0.95191,0.19427,0.049154,0.21145,0.97615,-0.97029,-0.22171,0.096884,-0.085782,-0.98786,-0.12955,-0.038651,-0.12663,0.9912,-0.99556,0.090034,-0.027319
0.23475,-0.95406,0.18619,0.070981,0.20786,0.97558,-0.96946,-0.2158,0.11651,-0.085554,-0.98779,-0.13021,-0.039511,-0.12722,0.99109,-0.99555,0.089936,-0.028144
0.22871,-0.95814,0.17222,0.10499,0.20015,0.97412,-0.96782,-0.20471,0.14637,-0.087617,-0.98774,-0.12918,-0.039013,-0.12617,0.99124,-0.99539,0.091889,-0.02748
0.22056,-0.96287,0.15567,0.14487,0.19017,0.971,-0.96455,-0.19161,0.18144,-0.090392,-0.98801,-0.12514,-0.037669,-0.12217,0.99179,-0.99519,0.094364,-0.026174
0.21272,-0.96695,0.14056,0.18124,0.1804,0.96675,-0.96016,-0.18017,0.21363,-0.089997,-0.98882,-0.1189,-0.042809,-0.11543,0.99239,-0.99502,0.094402,-0.031942
0.20478,-0.97045,0.12766,0.21374,0.17162,0.9617,-0.95519,-0.16965,0.24256,-0.089086,-0.98982,-0.11104,-0.050326,-0.10686,0.993,-0.99475,0.094051,-0.040294
0.19548,-0.97335,0.11989,0.24445,0.16675,0.95522,-0.94975,-0.15742,0.27053,-0.090692,-0.99099,-0.098516,-0.054957,-0.093792,0.99407,-0.99436,0.095569,-0.045956
0.18207,-0.97656,0.11476,0.28176,0.16364,0.94543,-0.94205,-0.1398,0.30495,-0.095479,-0.99218,-0.080345,-0.055384,-0.075294,0.99562,-0.99389,0.099511,-0.047762
0.16255,-0.98041,0.11123,0.3298,0.16023,0.93035,-0.92995,-0.11455,0.34938,-0.099153,-0.99329,-0.059494,-0.057269,-0.053993,0.9969,-0.99342,0.10225,-0.051531
0.13945,-0.98446,0.10675,0.38289,0.15302,0.91103,-0.91321,-0.086166,0.39827,-0.099499,-0.99427,-0.039182,-0.061752,-0.033131,0.99754,-0.99312,0.10167,-0.058101
0.13087,-0.98736,0.089382,0.40242,0.1353,0.9054,-0.90605,-0.082519,0.41504,-0.076875,-0.99626,-0.039553,-0.099086,-0.03184,0.99457,-0.9921,0.080377,-0.096268
0.12668,-0.99003,0.061619,0.40785,0.10861,0.90656,-0.90422,-0.08971,0.41755,-0.059855,-0.99681,-0.052753,-0.12798,-0.044749,0.99077,-0.98997,0.066053,-0.12489
0.12509,-0.99115,0.044386,0.40239,0.091575,0.91088,-0.90688,-0.096079,0.41029,-0.058961,-0.99638,-0.061185,-0.13183,-0.052983,0.98986,-0.98952,0.066429,-0.12822
0.11663,-0.99225,0.042963,0.40851,0.087355,0.90856,-0.90527,-0.08841,0.41553,-0.076154,-0.99501,-0.064451,-0.10799,-0.056028,0.99257,-0.99123,0.082549,-0.10319
0.12362,-0.99102,0.051047,0.38359,0.095167,0.91859,-0.91519,-0.093978,0.39191,-0.085493,-0.99346,-0.075712,-0.097576,-0.067276,0.99295,-0.99155,0.092278,-0.091186
0.13091,-0.99004,0.051794,0.35965,0.096109,0.92813,-0.92386,-0.10287,0.36865,-0.085667,-0.99218,-0.090785,-0.10216,-0.081892,0.99139,-0.99107,0.094204,-0.094346
0.1318,-0.99021,0.045964,0.34755,0.089587,0.93337,-0.92835,-0.10705,0.35596,-0.083656,-0.99083,-0.10606,-0.11122,-0.096484,0.9891,-0.99027,0.094541,-0.10213
0.12847,-0.99098,0.038244,0.34323,0.08061,0.93578,-0.93042,-0.10709,0.35049,-0.078545,-0.98974,-0.11935,-0.12684,-0.10883,0.98594,-0.98881,0.092579,-0.11699
0.12546,-0.99163,0.030428,0.33801,0.07156,0.93842,-0.93274,-0.10745,0.34416,-0.072623,-0.98858,-0.13207,-0.14544,-0.1205,0.982,-0.9867,0.090524,-0.13503
0.12704,-0.99145,0.029834,0.32522,0.070049,0.94304,-0.93707,-0.1101,0.33134,-0.066704,-0.98781,-0.14066,-0.16293,-0.1283,0.97826,-0.98438,0.088172,-0.15239
0.13828,-0.98969,0.037401,0.2918,0.0768,0.95339,-0.94643,-0.12092,0.29941,-0.062524,-0.98729,-0.1461,-0.17646,-0.13315,0.97526,-0.98232,0.086758,-0.16589
0.17459,-0.97721,0.12072,0.2931,0.16863,0.94109,-0.94001,-0.12892,0.31586,-0.10556,-0.99332,-0.046579,-0.18526,-0.026376,0.98233,-0.977,0.11232,-0.18124
0.17087,-0.9781,0.11881,0.29464,0.16579,0.94112,-0.94021,-0.1258,0.31652,-0.10813,-0.99304,-0.046593,-0.18643,-0.025781,0.98213,-0.9765,0.11488,-0.18235
0.16734,-0.97892,0.11708,0.29555,0.16311,0.9413,-0.94056,-0.12291,0.31661,-0.11024,-0.99281,-0.046663,-0.18762,-0.025317,0.98191,-0.97603,0.11701,-0.18348
0.16411,-0.97965,0.11554,0.29558,0.16059,0.94172,-0.94112,-0.1204,0.31592,-0.11175,-0.99263,-0.046952,-0.18905,-0.02515,0.98165,-0.97559,0.11857,-0.18485
0.1613,-0.98027,0.11428,0.29485,0.15837,0.94233,-0.94183,-0.1183,0.31457,-0.11276,-0.9925,-0.047217,-0.19051,-0.025043,0.98137,-0.97519,0.11965,-0.18626
0.15899,-0.98075,0.11335,0.29336,0.15655,0.9431,-0.94269,-0.11669,0.31261,-0.11339,-0.99242,-0.047283,-0.19182,-0.024827,0.98112,-0.97486,0.12032,-0.18756
0.15719,-0.98111,0.11277,0.29143,0.15519,0.94392,-0.94359,-0.11551,0.31031,-0.11375,-0.9924,-0.046974,-0.19286,-0.024326,0.98092,-0.97461,0.12063,-0.18863
0.15587,-0.98132,0.11275,0.28904,0.15446,0.94477,-0.94454,-0.11467,0.30772,-0.11388,-0.99242,-0.046273,-0.19335,-0.023546,0.98085,-0.9745,0.12065,-0.1892
0.1551,-0.98141,0.11304,0.28673,0.15422,0.94552,-0.94537,-0.11424,0.30532,-0.11362,-0.99249,-0.045212,-0.19335,-0.022548,0.98087,-0.97453,0.12019,-0.18933
0.15491,-0.9814,0.11338,0.28465,0.15424,0.94614,-0.94603,-0.1143,0.30325,-0.1129,-0.99263,-0.043998,-0.19285,-0.021547,0.98099,-0.97471,0.11924,-0.189
0.15524,-0.98128,0.11396,0.28252,0.15464,0.94671,-0.94662,-0.11477,0.30124,-0.11184,-0.99281,-0.042713,-0.19207,-0.020576,0.98117,-0.97499,0.11794,-0.18839
0.15601,-0.98107,0.11476,0.28057,0.15541,0.94717,-0.94707,-0.11557,0.2995,-0.1106,-0.993,-0.041345,-0.19116,-0.019569,0.98136,-0.97531,0.11645,-0.18765
0.15707,-0.98077,0.11581,0.27915,0.15657,0.9474,-0.94731,-0.11648,0.29838,-0.10926,-0.99322,-0.039796,-0.19012,-0.018416,0.98159,-0.97566,0.11481,-0.18682
0.15841,-0.98042,0.11698,0.2781,0.15798,0.94747,-0.9474,-0.11756,0.29768,-0.10792,-0.99342,-0.038354,-0.18904,-0.017369,0.98182,-0.97602,0.11321,-0.18592
0.15994,-0.98004,0.1181,0.27772,0.15948,0.94733,-0.94726,-0.11872,0.29768,-0.10673,-0.9936,-0.037036,-0.18776,-0.016438,0.98208,-0.9764,0.11177,-0.1848
0.16191,-0.9796,0.11906,0.27815,0.16107,0.94694,-0.94679,-0.1202,0.29856,-0.10535,-0.99379,-0.03586,-0.18608,-0.015723,0.98241,-0.97687,0.11017,-0.18327
0.16399,-0.97916,0.11981,0.27954,0.1626,0.94627,-0.94603,-0.12169,0.30037,-0.10397,-0.99397,-0.034776,-0.18398,-0.015141,0.98281,-0.97742,0.10858,-0.1813
0.16611,-0.97874,0.1203,0.28158,0.16399,0.94542,-0.94505,-0.12317,0.30283,-0.1028,-0.99412,-0.034053,-0.18153,-0.014909,0.98327,-0.978,0.10726,-0.17893
0.16813,-0.97835,0.12065,0.28429,0.16531,0.94438,-0.94388,-0.12448,0.30593,-0.10185,-0.99424,-0.033523,-0.17886,-0.014849,0.98376,-0.97859,0.10619,-0.17631
0.16991,-0.97801,0.12098,0.28748,0.16662,0.94318,-0.9426,-0.12547,0.30946,-0.10124,-0.99431,-0.033022,-0.17607,-0.014761,0.98427,-0.97916,0.10546,-0.17357
0.17156,-0.97767,0.12139,0.29108,0.16802,0.94183,-0.94119,-0.12624,0.3134,-0.10079,-0.99438,-0.032412,-0.17319,-0.014545,0.98478,-0.97972,0.10487,-0.17075
0.17312,-0.97732,0.12197,0.29455,0.16955,0.94047,-0.93982,-0.12689,0.31722,-0.10036,-0.99445,-0.031579,-0.17014,-0.014119,0.98532,-0.9803,0.10426,-0.16778
0.17442,-0.977,0.12267,0.29745,0.17104,0.93929,-0.93867,-0.12735,0.32044,-0.10021,-0.99449,-0.030819,-0.16727,-0.013695,0.98582,-0.98081,0.10395,-0.16497
0.17557,-0.9767,0.12345,0.29974,0.17248,0.9383,-0.93773,-0.12773,0.32303,-0.10015,-0.99452,-0.030086,-0.16441,-0.013282,0.9863,-0.9813,0.10372,-0.16218
0.17655,-0.97641,0.12429,0.30121,0.17381,0.93758,-0.93707,-0.1281,0.3248,-0.10043,-0.99451,-0.029305,-0.16166,-0.012752,0.98676,-0.98172,0.10384,-0.15949
0.17724,-0.97617,0.12518,0.30159,0.17495,0.93725,-0.93682,-0.12837,0.32541,-0.10084,-0.99449,-0.028664,-0.15929,-0.0123,0.98715,-0.98207,0.10411,-0.15717
0.17759,-0.97599,0.1261,0.30094,0.17586,0.93729,-0.93696,-0.12851,0.32494,-0.10124,-0.99447,-0.028013,-0.15713,-0.011821,0.98751,-0.98237,0.10438,-0.15506
0.17782,-0.97583,0.12706,0.29937,0.17664,0.93764,-0.93742,-0.12869,0.32355,-0.1014,-0.99447,-0.027367,-0.15522,-0.011358,0.98782,-0.98266,0.10441,-0.15321
0.17764,-0.97573,0.12803,0.29706,0.1772,0.93827,-0.93819,-0.12865,0.32133,-0.10144,-0.99448,-0.02677,-0.1538,-0.010908,0.98804,-0.98288,0.10435,-0.15185
0.17727,-0.97572,0.12864,0.29465,0.17733,0.93901,-0.93902,-0.12855,0.31893,-0.10131,-0.9945,-0.026411,-0.15273,-0.010686,0.98821,-0.98306,0.10415,-0.15081
0.17672,-0.97573,0.12934,0.29224,0.1775,0.93973,-0.93987,-0.12827,0.31652,-0.101,-0.99455,-0.025912,-0.15203,-0.010311,0.98832,-0.9832,0.10376,-0.15016
0.17601,-0.97568,0.13065,0.29001,0.17822,0.94028,-0.9407,-0.12761,0.31433,-0.10053,-0.99462,-0.024806,-0.1517,-0.0093166,0.98838,-0.9833,0.10313,-0.14995
0.17518,-0.97565,0.13199,0.28789,0.17896,0.94079,-0.94151,-0.12682,0.31223,-0.09988,-0.99472,-0.023767,-0.15171,-0.0083832,0.98839,-0.98337,0.10233,-0.15007
0.17437,-0.97568,0.13282,0.28576,0.17922,0.94139,-0.9423,-0.12619,0.31007,-0.099253,-0.99479,-0.023348,-0.15182,-0.0080492,0.98837,-0.98341,0.10164,-0.15023
0.17355,-0.97574,0.13345,0.28386,0.17932,0.94195,-0.94303,-0.12559,0.3081,-0.098459,-0.99487,-0.023159,-0.15201,-0.0079636,0.98835,-0.98346,0.10083,-0.15044
