0.23701,-0.93733,0.2554,0.59233,0.3478,0.72676,-0.77004,-0.020968,0.63765,-0.0085136,-0.99942,-0.033072,0.12991,-0.033898,0.99095,-0.99149,0.0041403,0.13012
0.24314,-0.93532,0.25703,0.6005,0.35324,0.71737,-0.76176,-0.020078,0.64755,-0.0058537,-0.99953,-0.029962,0.13958,-0.030486,0.98974,-0.99019,0.0016115,0.13969
0.24838,-0.93338,0.25906,0.61,0.35847,0.70668,-0.75247,-0.0175,0.6584,-0.0055653,-0.99967,-0.024932,0.15272,-0.02549,0.98794,-0.98825,0.0016905,0.15282
0.25269,-0.93203,0.25974,0.61392,0.36194,0.7015,-0.74783,-0.017801,0.66365,-0.0045259,-0.99973,-0.0227,0.16019,-0.023132,0.98681,-0.98708,0.00082982,0.16025
0.25717,-0.93074,0.25998,0.61724,0.36521,0.69688,-0.74355,-0.018747,0.66841,-0.0033308,-0.99977,-0.021342,0.16483,-0.021599,0.98608,-0.98632,-0.00023348,0.16487
0.26021,-0.9295,0.26136,0.61983,0.36836,0.69291,-0.74034,-0.018305,0.67198,-0.0040118,-0.99982,-0.018329,0.17009,-0.018745,0.98525,-0.98542,0.00083491,0.17014
0.26286,-0.92822,0.26327,0.62239,0.37163,0.68885,-0.73725,-0.017213,0.67541,-0.0053148,-0.99988,-0.014369,0.17766,-0.015085,0.98398,-0.98408,0.0026768,0.17772
0.26547,-0.92708,0.26466,0.62671,0.37453,0.68335,-0.73264,-0.015544,0.68044,-0.0071427,-0.99992,-0.010171,0.1875,-0.01133,0.9822,-0.98224,0.0051086,0.18756
0.26737,-0.92574,0.26743,0.62415,0.37783,0.68387,-0.73413,-0.015933,0.67882,-0.0072823,-0.99995,-0.0069104,0.19086,-0.0081735,0.98158,-0.98159,0.0058292,0.19091
0.26997,-0.92453,0.26902,0.62595,0.38081,0.68057,-0.73165,-0.015342,0.68151,-0.0081397,-0.99996,-0.0032586,0.19792,-0.0048053,0.98021,-0.98018,0.0073336,0.19795
0.27264,-0.9235,0.26985,0.62943,0.38333,0.67592,-0.72765,-0.014428,0.68579,-0.010821,-0.99994,0.0010609,0.20806,-0.0012137,0.97812,-0.97806,0.010805,0.20806
0.27555,-0.92241,0.27062,0.63241,0.38597,0.67162,-0.72396,-0.013923,0.6897,-0.013043,-0.9999,0.005364,0.21717,0.0024035,0.97613,-0.97605,0.013897,0.21712
0.27778,-0.92143,0.27166,0.63549,0.38833,0.66735,-0.72041,-0.012746,0.69343,-0.014356,-0.99985,0.0094745,0.22378,0.0060225,0.97462,-0.97453,0.016112,0.22366
0.2793,-0.9206,0.27292,0.63819,0.39035,0.66358,-0.71742,-0.011167,0.69655,-0.015397,-0.99979,0.013815,0.23103,0.0098859,0.9729,-0.97283,0.018172,0.23083
0.28075,-0.91976,0.27428,0.6424,0.39239,0.65829,-0.71309,-0.0086198,0.70102,-0.016283,-0.99968,0.019264,0.24031,0.014789,0.97058,-0.97056,0.020433,0.23999
0.28255,-0.91894,0.27516,0.64717,0.39435,0.65242,-0.70805,-0.0062633,0.70614,-0.017109,-0.99954,0.024981,0.24815,0.019958,0.96851,-0.96857,0.02277,0.2477
0.28415,-0.91816,0.27611,0.64958,0.39618,0.64891,-0.70519,-0.0050359,0.709,-0.0175,-0.99939,0.030247,0.25397,0.024817,0.96689,-0.96705,0.024602,0.25338
0.28534,-0.9173,0.27776,0.64834,0.39817,0.64893,-0.70586,-0.0050791,0.70833,-0.016738,-0.99926,0.034607,0.25472,0.029208,0.96657,-0.96687,0.024993,0.25404
0.28784,-0.91673,0.27704,0.65654,0.3995,0.63981,-0.69721,-0.0022668,0.71686,-0.017497,-0.99902,0.040567,0.26702,0.034431,0.96308,-0.96353,0.027683,0.26616
0.29167,-0.91635,0.27427,0.66857,0.40037,0.62668,-0.68407,0.00058904,0.72942,-0.018731,-0.99868,0.047884,0.29163,0.040353,0.95568,-0.95635,0.031866,0.29049
0.29318,-0.91594,0.27404,0.67011,0.40131,0.62443,-0.68191,0.00056894,0.73143,-0.01799,-0.99843,0.053112,0.3036,0.045158,0.95173,-0.95263,0.033247,0.30231
0.2945,-0.9156,0.27378,0.67165,0.4021,0.62225,-0.67982,0.00063307,0.73338,-0.017234,-0.99822,0.057011,0.31177,0.048812,0.9489,-0.95,0.034127,0.31037
0.29555,-0.91542,0.27324,0.67232,0.4025,0.62127,-0.6787,8.7951e-05,0.73441,-0.017189,-0.99805,0.060055,0.31698,0.051526,0.94703,-0.94828,0.035315,0.31548
0.29646,-0.91531,0.27261,0.67318,0.40275,0.62018,-0.67745,-0.00034457,0.73557,-0.018003,-0.99784,0.06315,0.32189,0.054013,0.94524,-0.94661,0.037344,0.32022
0.2969,-0.9154,0.27185,0.67383,0.40256,0.61959,-0.67661,-0.00077318,0.73634,-0.018796,-0.99762,0.066336,0.32858,0.056499,0.94279,-0.94429,0.039517,0.32674
0.29656,-0.91569,0.27122,0.6735,0.40188,0.6204,-0.67709,-0.0013181,0.7359,-0.019411,-0.99733,0.070387,0.33651,0.059776,0.93978,-0.94148,0.041928,0.33445
0.29594,-0.91612,0.27046,0.67236,0.4009,0.62226,-0.67849,-0.0023012,0.7346,-0.019044,-0.99705,0.074344,0.34472,0.06325,0.93657,-0.93851,0.043464,0.3425
0.29549,-0.91657,0.26943,0.67111,0.39987,0.62427,-0.67992,-0.0036464,0.73328,-0.017855,-0.99687,0.076979,0.34898,0.065936,0.93481,-0.93696,0.043555,0.34671
0.2939,-0.91781,0.26692,0.66209,0.39689,0.6357,-0.68939,-0.010106,0.72432,-0.015843,-0.99695,0.076422,0.34786,0.066161,0.93521,-0.93741,0.0414,0.34575
0.29198,-0.91933,0.26376,0.64927,0.39302,0.65113,-0.70228,-0.018866,0.71166,-0.013257,-0.99713,0.074561,0.3444,0.065451,0.93654,-0.93873,0.038094,0.34254
0.29042,-0.92066,0.26084,0.63773,0.38945,0.66455,-0.71341,-0.026657,0.70024,-0.010917,-0.99701,0.076563,0.3485,0.067973,0.93484,-0.93725,0.036888,0.34671
0.28745,-0.92216,0.25884,0.62495,0.38537,0.67891,-0.72581,-0.033394,0.68708,-0.010007,-0.9965,0.082973,0.36016,0.073816,0.92997,-0.93284,0.03919,0.35816
0.28468,-0.92326,0.25798,0.61665,0.38241,0.68812,-0.73396,-0.036808,0.67819,-0.010682,-0.99544,0.094835,0.38111,0.083629,0.92074,-0.92447,0.045978,0.37847
0.2813,-0.92441,0.25757,0.60864,0.37938,0.69687,-0.74191,-0.039258,0.66935,-0.013054,-0.99424,0.10634,0.39981,0.092288,0.91194,-0.9165,0.05442,0.3963
0.27797,-0.92547,0.25735,0.59727,0.37634,0.70827,-0.75233,-0.043172,0.65737,-0.015779,-0.99308,0.11636,0.41615,0.099296,0.90386,-0.90916,0.062687,0.41171
0.27539,-0.92659,0.25611,0.5818,0.37272,0.7229,-0.76529,-0.050079,0.64173,-0.017295,-0.99212,0.12409,0.4291,0.10474,0.89716,-0.90309,0.068765,0.42391
0.27393,-0.9275,0.25436,0.56656,0.36934,0.73661,-0.77716,-0.057674,0.62666,-0.018622,-0.99132,0.13013,0.43883,0.10884,0.89196,-0.89838,0.073715,0.43299
0.27424,-0.92756,0.25383,0.55355,0.36809,0.74705,-0.78637,-0.064366,0.6144,-0.020105,-0.99042,0.13664,0.4488,0.11319,0.88644,-0.89341,0.079147,0.44222
0.27515,-0.9271,0.25452,0.54191,0.36823,0.75548,-0.79412,-0.069945,0.60372,-0.021988,-0.98944,0.14324,0.45882,0.11731,0.88075,-0.88826,0.085087,0.4514
0.27585,-0.92669,0.25524,0.53065,0.36823,0.76343,-0.80145,-0.075151,0.59333,-0.024026,-0.98844,0.1497,0.46978,0.12102,0.87445,-0.88246,0.091337,0.46144
0.27508,-0.92646,0.25692,0.52032,0.36817,0.77053,-0.80846,-0.078278,0.58333,-0.02585,-0.98691,0.15921,0.4858,0.1268,0.86483,-0.87369,0.099701,0.47616
0.273,-0.92633,0.25959,0.51034,0.36819,0.77717,-0.81549,-0.079688,0.57326,-0.027478,-0.98538,0.16814,0.49982,0.13212,0.85599,-0.86569,0.10756,0.48888
0.26736,-0.92689,0.26341,0.5033,0.36744,0.7821,-0.82171,-0.076529,0.56475,-0.032329,-0.98406,0.1749,0.50913,0.13437,0.85014,-0.86008,0.11653,0.49667
0.257,-0.92857,0.26779,0.50215,0.36506,0.78395,-0.82571,-0.067005,0.56011,-0.040955,-0.9826,0.18117,0.51799,0.13417,0.8448,-0.85441,0.12844,0.50348
0.24391,-0.93062,0.27288,0.50349,0.362,0.78451,-0.82886,-0.053957,0.55685,-0.051714,-0.98108,0.18659,0.52565,0.13212,0.84038,-0.84913,0.14154,0.50887
0.22842,-0.93273,0.27902,0.50642,0.3586,0.78419,-0.83148,-0.037823,0.55426,-0.06311,-0.97977,0.18993,0.52909,0.12851,0.83878,-0.84622,0.15342,0.51027
0.21413,-0.93396,0.28614,0.51799,0.35692,0.77736,-0.82815,-0.018243,0.56021,-0.071283,-0.97848,0.19361,0.53362,0.12658,0.8362,-0.84271,0.16292,0.51312
0.20092,-0.9337,0.29638,0.54003,0.35799,0.76171,-0.81731,0.0070131,0.57615,-0.076546,-0.9767,0.20049,0.54324,0.12776,0.8298,-0.83608,0.17243,0.5208
0.19056,-0.93215,0.30786,0.56259,0.3607,0.7439,-0.80447,0.031442,0.59316,-0.076802,-0.97539,0.20666,0.55198,0.13102,0.8235,-0.83031,0.17732,0.52834
0.18405,-0.92928,0.32026,0.59052,0.36501,0.71976,-0.78576,0.056648,0.61593,-0.072363,-0.97393,0.215,0.56552,0.1375,0.81319,-0.82155,0.18043,0.54083
0.17895,-0.92489,0.3355,0.6234,0.37041,0.6886,-0.76115,0.085919,0.64286,-0.068328,-0.97132,0.22776,0.58664,0.14554,0.79666,-0.80696,0.18805,0.55987
0.175,-0.91952,0.35193,0.65222,0.37603,0.65818,-0.73755,0.11436,0.66554,-0.068479,-0.96888,0.23786,0.60174,0.15005,0.78447,-0.79575,0.19685,0.57274
0.17254,-0.91477,0.36527,0.679,0.3791,0.62869,-0.71358,0.13955,0.68654,-0.071574,-0.96834,0.23916,0.60309,0.14897,0.78364,-0.79445,0.20032,0.57333
0.1699,-0.91047,0.37706,0.70687,0.37919,0.59712,-0.68664,0.16508,0.70801,-0.077375,-0.96958,0.23221,0.59169,0.1428,0.79342,-0.80245,0.19879,0.56264
0.16807,-0.90636,0.38765,0.73233,0.37804,0.56637,-0.65988,0.1887,0.72729,-0.081589,-0.97329,0.21457,0.56224,0.13282,0.81624,-0.82294,0.18724,0.53639
0.168,-0.90296,0.39553,0.7492,0.37773,0.54408,-0.64069,0.20493,0.73995,-0.078923,-0.97943,0.18571,0.51497,0.11945,0.84884,-0.85357,0.16263,0.49495
0.17023,-0.90011,0.40102,0.76275,0.37802,0.5247,-0.62388,0.21656,0.75091,-0.065981,-0.9863,0.15116,0.46206,0.10407,0.88072,-0.88439,0.12796,0.44886
0.17488,-0.89746,0.40495,0.77613,0.37873,0.50417,-0.60583,0.22613,0.76278,-0.04153,-0.99288,0.11163,0.4044,0.085457,0.91058,-0.91364,0.082958,0.39798
0.17971,-0.89532,0.40756,0.7882,0.37895,0.48492,-0.5886,0.2341,0.77379,-0.013554,-0.99719,0.073683,0.35106,0.064253,0.93415,-0.93625,0.038529,0.3492
0.18175,-0.89422,0.40906,0.79692,0.37766,0.47149,-0.5761,0.24029,0.78126,0.014828,-0.99912,0.039219,0.30354,0.04187,0.9519,-0.9527,-0.0022099,0.30389
0.1833,-0.89355,0.40984,0.8023,0.37689,0.46289,-0.56808,0.24397,0.78598,0.044978,-0.99894,0.0097454,0.26244,0.021228,0.96472,-0.9639,-0.040833,0.26311
0.1832,-0.8938,0.40934,0.80471,0.37552,0.45982,-0.5647,0.24516,0.78804,0.076036,-0.99696,-0.016746,0.22401,0.0007146,0.97459,-0.97162,-0.077855,0.22338
0.18275,-0.89525,0.40637,0.80163,0.37498,0.4656,-0.56921,0.24067,0.78618,0.11026,-0.99301,-0.042037,0.18691,-0.020824,0.98216,-0.97617,-0.11615,0.1833
0.18116,-0.89739,0.40233,0.79582,0.37412,0.47614,-0.5778,0.23392,0.78194,0.1411,-0.98811,-0.061042,0.15679,-0.038578,0.98688,-0.9775,-0.14882,0.14948
0.17811,-0.89937,0.39925,0.79209,0.37177,0.48413,-0.58384,0.23002,0.7786,0.16057,-0.98451,-0.070408,0.13954,-0.047974,0.98905,-0.97711,-0.16864,0.12968
0.17351,-0.90111,0.39736,0.79124,0.36779,0.48853,-0.58637,0.22964,0.77681,0.1685,-0.98301,-0.07286,0.13281,-0.050603,0.98985,-0.97671,-0.17646,0.12202
0.16824,-0.90293,0.3955,0.7913,0.36297,0.49204,-0.58783,0.23017,0.77555,0.16902,-0.983,-0.071752,0.1308,-0.049784,0.99016,-0.97689,-0.17674,0.12016
0.1635,-0.90442,0.39407,0.78874,0.35977,0.49845,-0.59258,0.22932,0.77218,0.1679,-0.98332,-0.069941,0.12831,-0.048546,0.99055,-0.97742,-0.17529,0.11802
0.15927,-0.90625,0.39159,0.78658,0.35619,0.5044,-0.59659,0.22768,0.76957,0.16487,-0.98397,-0.068007,0.12584,-0.047402,0.99092,-0.97825,-0.17193,0.116
0.15525,-0.90824,0.38859,0.78315,0.35292,0.51199,-0.60215,0.22484,0.76607,0.15978,-0.98498,-0.065417,0.12434,-0.04566,0.99119,-0.97929,-0.1665,0.11518
0.15165,-0.91029,0.38519,0.77768,0.35042,0.52194,-0.6101,0.2204,0.76106,0.15436,-0.98608,-0.061812,0.12453,-0.042646,0.9913,-0.98014,-0.16071,0.11621
0.14887,-0.91235,0.38137,0.76702,0.34996,0.53778,-0.62411,0.21246,0.7519,0.15106,-0.98682,-0.058024,0.12263,-0.039536,0.99166,-0.98089,-0.15692,0.11505
0.14667,-0.91464,0.37672,0.75489,0.34961,0.5549,-0.63924,0.203,0.74174,0.14554,-0.98784,-0.054703,0.12163,-0.037007,0.99189,-0.98185,-0.15101,0.11476
0.14501,-0.91678,0.37212,0.7444,0.34885,0.56936,-0.65179,0.19445,0.73305,0.13756,-0.98912,-0.052082,0.12206,-0.035252,0.9919,-0.98294,-0.14281,0.11588
0.1439,-0.91824,0.36897,0.73426,0.34904,0.58227,-0.66345,0.18713,0.72445,0.13211,-0.99,-0.049398,0.12163,-0.033267,0.99202,-0.98374,-0.13707,0.11602
0.14359,-0.91939,0.3662,0.72418,0.34982,0.5943,-0.6745,0.17986,0.71603,0.1272,-0.99074,-0.04737,0.11798,-0.032306,0.99249,-0.98484,-0.13184,0.11278
0.14477,-0.92017,0.36378,0.71248,0.35206,0.60698,-0.6866,0.17131,0.70657,0.12195,-0.99151,-0.045122,0.11194,-0.031431,0.99322,-0.9862,-0.12617,0.10716
0.14735,-0.92062,0.36158,0.70084,0.35514,0.61862,-0.69793,0.16226,0.69754,0.11507,-0.99246,-0.042131,0.10974,-0.029452,0.99352,-0.98728,-0.11895,0.10553
0.15136,-0.92076,0.35958,0.69286,0.35827,0.62576,-0.705,0.15442,0.69219,0.10313,-0.99396,-0.037414,0.11599,-0.02534,0.99293,-0.98788,-0.10674,0.11267
0.15441,-0.92058,0.35874,0.69015,0.36032,0.62759,-0.707,0.15068,0.69097,0.089886,-0.99544,-0.031821,0.12697,-0.020236,0.9917,-0.98783,-0.09318,0.12457
0.15599,-0.92061,0.35798,0.69152,0.36057,0.62593,-0.70531,0.14991,0.69286,0.079558,-0.99644,-0.028054,0.1366,-0.01698,0.99048,-0.98743,-0.082633,0.13476
0.15659,-0.92018,0.35883,0.68634,0.36263,0.63042,-0.71022,0.14756,0.68834,0.069862,-0.99721,-0.026405,0.14718,-0.015877,0.98898,-0.98664,-0.072979,0.14566
0.15611,-0.91978,0.36005,0.68378,0.36368,0.63259,-0.71279,0.14745,0.6857,0.062158,-0.99779,-0.023591,0.15324,-0.013815,0.98809,-0.98623,-0.065033,0.15204
0.1561,-0.9191,0.36179,0.68601,0.36441,0.62976,-0.71065,0.14988,0.68739,0.053328,-0.99837,-0.020099,0.15969,-0.011342,0.9871,-0.98573,-0.05585,0.15883
0.15525,-0.91875,0.36305,0.68811,0.36426,0.62756,-0.70881,0.15238,0.68875,0.04387,-0.99889,-0.01722,0.16783,-0.009623,0.98577,-0.98484,-0.046136,0.16722
0.15386,-0.91891,0.36321,0.68451,0.36422,0.6315,-0.71258,0.15146,0.68505,0.039353,-0.99911,-0.015334,0.16835,-0.0084975,0.98569,-0.98494,-0.041372,0.16786
0.15298,-0.91936,0.36246,0.67823,0.36444,0.63811,-0.71875,0.14822,0.67929,0.036625,-0.99922,-0.0149,0.16584,-0.0086255,0.98611,-0.98547,-0.038587,0.1654
0.1523,-0.91986,0.36147,0.67114,0.36474,0.6454,-0.72552,0.1443,0.67291,0.033387,-0.99933,-0.014922,0.16448,-0.0092325,0.98634,-0.98582,-0.035385,0.16406
0.15038,-0.92047,0.36072,0.66727,0.36373,0.64997,-0.72948,0.14295,0.6689,0.028056,-0.9995,-0.014443,0.16647,-0.0095746,0.986,-0.98565,-0.030068,0.16612
0.14958,-0.92096,0.35981,0.65758,0.36442,0.65938,-0.73838,0.13798,0.66012,0.025403,-0.99957,-0.014846,0.16358,-0.010494,0.98647,-0.9862,-0.027488,0.16324
0.14969,-0.9217,0.35785,0.64043,0.36613,0.67513,-0.75329,0.12811,0.64509,0.024881,-0.99956,-0.015917,0.1566,-0.011828,0.98759,-0.98735,-0.027065,0.15624
0.14834,-0.92275,0.3557,0.62356,0.36644,0.69057,-0.76757,0.11936,0.62975,0.018508,-0.99972,-0.014906,0.15867,-0.011783,0.98726,-0.98716,-0.020638,0.15841
0.14588,-0.92362,0.35446,0.60769,0.36639,0.70461,-0.78066,0.11261,0.61473,0.008732,-0.99989,-0.011827,0.16581,-0.010216,0.98611,-0.98612,-0.010572,0.1657
0.14382,-0.92493,0.35189,0.59008,0.36561,0.71982,-0.79443,0.10412,0.59836,-0.00057183,-0.99997,-0.0082578,0.17539,-0.0082301,0.98446,-0.9845,-0.00088541,0.17539
0.14315,-0.92652,0.34794,0.56414,0.36524,0.7405,-0.81317,0.090283,0.57498,-0.0068592,-0.99996,-0.005432,0.18174,-0.0065883,0.98333,-0.98332,0.0057576,0.18177
0.14443,-0.92807,0.34326,0.53129,0.36539,0.76435,-0.83479,0.071976,0.54585,-0.01259,-0.99992,-0.0029519,0.18553,-0.005237,0.98262,-0.98256,0.011824,0.18558
0.14592,-0.92917,0.33962,0.50168,0.36538,0.7841,-0.85266,0.05597,0.51947,-0.021214,-0.99977,-4.5258e-05,0.19155,-0.004109,0.98147,-0.98125,0.020812,0.1916
0.14649,-0.93009,0.33685,0.47902,0.36463,0.79849,-0.8655,0.044388,0.49894,-0.030934,-0.99952,0.0032516,0.19958,-0.002989,0.97988,-0.97939,0.030961,0.19957
0.14665,-0.93118,0.33375,0.46166,0.36283,0.80946,-0.87485,0.035373,0.4831,-0.039617,-0.99919,0.0063892,0.2072,-0.0019599,0.9783,-0.9775,0.040081,0.20711
0.14783,-0.9322,0.33039,0.44112,0.36114,0.82158,-0.88519,0.024286,0.4646,-0.043078,-0.99904,0.007819,0.20954,-0.0013826,0.9778,-0.97685,0.04376,0.2094
0.15025,-0.93303,0.32691,0.41862,0.3596,0.83393,-0.89564,0.011552,0.44462,-0.042036,-0.99908,0.0078868,0.20788,-0.001025,0.97815,-0.97725,0.042758,0.20773
0.1525,-0.93399,0.32311,0.39809,0.35729,0.84491,-0.90458,-0.00021635,0.4263,-0.040438,-0.99916,0.0070221,0.20615,-0.0014662,0.97852,-0.97769,0.041017,0.20603
0.15339,-0.9351,0.31947,0.37999,0.35425,0.85447,-0.91218,-0.0096706,0.40967,-0.039383,-0.99921,0.0051106,0.20268,-0.0029797,0.97924,-0.97845,0.039601,0.20263
0.15407,-0.93608,0.31627,0.35994,0.35127,0.86432,-0.92017,-0.019325,0.39105,-0.035064,-0.99938,0.0011642,0.19195,-0.0055915,0.98139,-0.98078,0.034635,0.19203
0.15407,-0.93698,0.31358,0.33982,0.34826,0.87363,-0.92778,-0.028038,0.37206,-0.02819,-0.99959,-0.0052099,0.17406,-0.010041,0.98468,-0.98433,0.026852,0.17427
0.15359,-0.93812,0.31039,0.32517,0.34461,0.88063,-0.9331,-0.03433,0.35797,-0.01926,-0.99972,-0.013872,0.15348,-0.016666,0.98801,-0.98796,0.0169,0.15376
0.15277,-0.93939,0.30693,0.31419,0.34063,0.88614,-0.93699,-0.038942,0.34719,-0.012736,-0.9997,-0.020955,0.13731,-0.022507,0.99027,-0.99045,0.0097347,0.13756
0.15209,-0.94053,0.30375,0.30099,0.33681,0.89217,-0.94142,-0.044265,0.33432,-0.0092982,-0.99963,-0.025613,0.12648,-0.026584,0.99161,-0.99193,0.0059808,0.12668
0.15277,-0.9415,0.3004,0.28563,0.33306,0.8986,-0.94608,-0.051478,0.3198,-0.0075593,-0.99956,-0.028599,0.11889,-0.029295,0.99248,-0.99288,0.0041023,0.11906
0.1535,-0.94251,0.29685,0.27191,0.3291,0.9043,-0.95,-0.058098,0.30679,-0.0075369,-0.99951,-0.030421,0.1151,-0.031086,0.99287,-0.99333,0.0039819,0.11527
0.15424,-0.94336,0.29373,0.25644,0.32533,0.91017,-0.95417,-0.065062,0.29209,-0.0070204,-0.99948,-0.031442,0.11062,-0.032026,0.99335,-0.99384,0.0034957,0.11079
0.15484,-0.94411,0.29101,0.23946,0.32165,0.91608,-0.95848,-0.072161,0.27588,-0.0075741,-0.99946,-0.031944,0.10795,-0.032575,0.99362,-0.99413,0.0040776,0.10814
0.15449,-0.94493,0.28853,0.22472,0.31799,0.92108,-0.9621,-0.077462,0.26147,-0.0099722,-0.99942,-0.032419,0.109,-0.033314,0.99348,-0.99399,0.0063737,0.10927
0.15364,-0.94574,0.28631,0.21108,0.31447,0.9255,-0.96532,-0.08176,0.24794,-0.013364,-0.99938,-0.032516,0.11123,-0.033803,0.99322,-0.9937,0.0096569,0.11162
0.15294,-0.94656,0.28394,0.19696,0.31076,0.92986,-0.96841,-0.086289,0.23396,-0.016514,-0.99934,-0.032478,0.11186,-0.034125,0.99314,-0.99359,0.012768,0.11235
0.1512,-0.94745,0.28191,0.18443,0.30721,0.9336,-0.97115,-0.089167,0.22119,-0.020608,-0.99926,-0.03261,0.11261,-0.034729,0.99303,-0.99343,0.016793,0.11324
0.14868,-0.94835,0.28023,0.17515,0.30415,0.93638,-0.97325,-0.090136,0.21132,-0.022904,-0.99918,-0.033257,0.11136,-0.035609,0.99314,-0.99352,0.019044,0.11209
0.14559,-0.94913,0.2792,0.16921,0.30194,0.93819,-0.97477,-0.089348,0.20457,-0.022045,-0.99916,-0.034583,0.10753,-0.03676,0.99352,-0.99396,0.018184,0.10825
0.14206,-0.95006,0.27786,0.16711,0.29969,0.93929,-0.97565,-0.087007,0.20134,-0.018575,-0.99915,-0.036808,0.10181,-0.038513,0.99406,-0.99463,0.014717,0.10243
0.13835,-0.95099,0.27656,0.16567,0.29753,0.94023,-0.97643,-0.08426,0.19872,-0.015399,-0.99911,-0.039282,0.094704,-0.040568,0.99468,-0.99539,0.011597,0.095245
0.13414,-0.95162,0.27645,0.16289,0.29636,0.94108,-0.97748,-0.081205,0.19476,-0.015672,-0.99901,-0.041597,0.089088,-0.042832,0.9951,-0.9959,0.01189,0.089671
0.1299,-0.95229,0.27618,0.1602,0.29504,0.94196,-0.9785,-0.078116,0.19088,-0.016711,-0.99883,-0.045422,0.079243,-0.046609,0.99577,-0.99672,0.013041,0.079929
0.12598,-0.95305,0.27538,0.15624,0.29319,0.9432,-0.97965,-0.075797,0.18584,-0.015169,-0.99866,-0.049548,0.065701,-0.050442,0.99656,-0.99772,0.011861,0.066378
0.12548,-0.95359,0.27373,0.14617,0.29067,0.94559,-0.98127,-0.078643,0.17586,-0.0090363,-0.99843,-0.055273,0.047137,-0.055639,0.99734,-0.99885,0.0064069,0.047565
0.12997,-0.95331,0.2726,0.12494,0.28849,0.9493,-0.98362,-0.08932,0.1566,-0.0017182,-0.99806,-0.062173,0.023413,-0.062196,0.99779,-0.99972,0.00025875,0.023475
0.13373,-0.95307,0.2716,0.10543,0.28619,0.95236,-0.98539,-0.098727,0.13875,0.0051026,-0.99757,-0.069434,-0.0010025,-0.06944,0.99759,-0.99999,-0.0050207,-0.0013544
0.13627,-0.95315,0.27006,0.089805,0.28336,0.9548,-0.98659,-0.10585,0.12421,0.011935,-0.9971,-0.075199,-0.018162,-0.075408,0.99699,-0.99976,-0.010533,-0.01901
0.13836,-0.95325,0.26863,0.073845,0.28041,0.95703,-0.98762,-0.11258,0.10919,0.017571,-0.99666,-0.079767,-0.032756,-0.080311,0.99623,-0.99931,-0.014892,-0.034058
0.13854,-0.95355,0.2675,0.057308,0.27737,0.95905,-0.9887,-0.11754,0.093073,0.023447,-0.99633,-0.082342,-0.044182,-0.083317,0.99554,-0.99875,-0.019704,-0.045973
0.13952,-0.95396,0.26549,0.035485,0.27276,0.96143,-0.98958,-0.12472,0.071906,0.036612,-0.99574,-0.084576,-0.059812,-0.086665,0.99444,-0.99754,-0.03135,-0.06273
0.14095,-0.95445,0.26299,0.016159,0.26783,0.96333,-0.98988,-0.13153,0.053173,0.043907,-0.99539,-0.085244,-0.070068,-0.088184,0.99364,-0.99658,-0.037655,-0.073617
0.14459,-0.95435,0.26138,-0.0090066,0.26287,0.96479,-0.98945,-0.14185,0.029413,0.039203,-0.9957,-0.083981,-0.069085,-0.086545,0.99385,-0.99684,-0.03316,-0.07218
0.1518,-0.95368,0.25971,-0.048311,0.25528,0.96566,-0.98723,-0.15913,-0.0073216,0.043456,-0.99545,-0.084839,-0.079141,-0.088083,0.99296,-0.99592,-0.036436,-0.082609
0.15904,-0.95317,0.25722,-0.093207,0.24488,0.96506,-0.98286,-0.17746,-0.049897,0.056347,-0.9946,-0.087125,-0.10138,-0.092512,0.99054,-0.99325,-0.046981,-0.10604
0.17241,-0.95133,0.25542,-0.15642,0.22957,0.96064,-0.97253,-0.20557,-0.10923,0.067778,-0.99375,-0.088725,-0.12495,-0.096684,0.98744,-0.98985,-0.055841,-0.13072
0.18947,-0.94796,0.25589,-0.23078,0.21031,0.95,-0.95438,-0.23905,-0.17892,0.061064,-0.99423,-0.088152,-0.12569,-0.095273,0.98748,-0.99019,-0.049221,-0.13078
0.20468,-0.94417,0.25817,-0.3023,0.18989,0.93411,-0.93098,-0.26923,-0.24656,0.046234,-0.99468,-0.092059,-0.11699,-0.096915,0.98839,-0.99206,-0.034928,-0.12085
0.21764,-0.93985,0.26327,-0.37278,0.16924,0.91236,-0.90203,-0.29671,-0.31352,0.040583,-0.99394,-0.10219,-0.12049,-0.1064,0.987,-0.99188,-0.027742,-0.12408
0.22666,-0.93595,0.26949,-0.42807,0.1528,0.89074,-0.87486,-0.31726,-0.36601,0.04577,-0.99212,-0.11661,-0.13617,-0.12184,0.98317,-0.98963,-0.029121,-0.14067
0.23153,-0.93352,0.27373,-0.46436,0.14121,0.87432,-0.85485,-0.32954,-0.4008,0.059908,-0.98967,-0.13023,-0.1567,-0.13817,0.97793,-0.98583,-0.038178,-0.16336
0.23471,-0.93309,0.27251,-0.49931,0.1248,0.85739,-0.83402,-0.33731,-0.43661,0.068202,-0.98724,-0.14392,-0.16464,-0.15342,0.97435,-0.98399,-0.042756,-0.173
0.2336,-0.93456,0.2684,-0.50823,0.11797,0.85311,-0.82894,-0.33569,-0.44741,0.054134,-0.98838,-0.14201,-0.13306,-0.14809,0.97998,-0.98963,-0.034154,-0.13953
0.22549,-0.9389,0.26004,-0.48139,0.12468,0.8676,-0.84701,-0.32081,-0.42386,0.041784,-0.99051,-0.13095,-0.10274,-0.13463,0.98556,-0.99383,-0.027727,-0.10739
0.21223,-0.94444,0.25098,-0.42649,0.14156,0.89335,-0.87924,-0.29664,-0.37275,0.030446,-0.99233,-0.11981,-0.074778,-0.12179,0.98974,-0.99674,-0.021175,-0.077912
0.19952,-0.9488,0.24487,-0.36946,0.15861,0.91561,-0.90757,-0.27316,-0.3189,0.011984,-0.99461,-0.10304,-0.034391,-0.10339,0.99405,-0.99934,-0.0083693,-0.035444
0.18419,-0.95293,0.24082,-0.3317,0.17038,0.92787,-0.92523,-0.25078,-0.28471,-0.010233,-0.99689,-0.078194,0.0072837,-0.07827,0.99691,-0.99992,0.0096317,0.0080619
0.17163,-0.95534,0.24057,-0.27105,0.18897,0.94383,-0.94714,-0.2272,-0.22651,-0.031081,-0.99841,-0.046993,0.052928,-0.048593,0.99742,-0.99811,0.028514,0.054355
0.16194,-0.95555,0.24637,-0.20852,0.21089,0.95501,-0.96452,-0.20603,-0.1651,-0.043962,-0.99893,-0.014657,0.082852,-0.018266,0.99639,-0.99559,0.042589,0.083566
0.15421,-0.9545,0.25526,-0.15606,0.23157,0.96022,-0.97564,-0.18791,-0.11325,-0.04714,-0.99877,0.015323,0.09677,0.010701,0.99525,-0.99419,0.048399,0.096146
0.14797,-0.95354,0.2624,-0.11895,0.24624,0.96188,-0.98181,-0.17355,-0.076989,-0.046015,-0.99824,0.037524,0.093162,0.033112,0.9951,-0.99459,0.049285,0.091474
0.14285,-0.95299,0.26721,-0.094776,0.25557,0.96214,-0.9852,-0.16276,-0.053814,-0.04497,-0.99768,0.051024,0.087141,0.046963,0.99509,-0.99518,0.049195,0.084827
0.13992,-0.95238,0.27091,-0.075669,0.26251,0.96196,-0.98727,-0.1551,-0.035335,-0.041298,-0.99768,0.054079,0.079795,0.050659,0.99552,-0.99596,0.045429,0.077518
0.13781,-0.95189,0.27371,-0.058072,0.26811,0.96164,-0.98875,-0.14842,-0.018331,-0.033973,-0.99829,0.047537,0.066553,0.045199,0.99676,-0.9972,0.037026,0.064904
0.13666,-0.95167,0.27503,-0.045013,0.27138,0.96142,-0.98959,-0.14377,-0.0057512,-0.024184,-0.99913,0.033907,0.049007,0.032691,0.99826,-0.99851,0.025804,0.048174
0.13566,-0.95132,0.27675,-0.03249,0.27491,0.96092,-0.99022,-0.13935,0.0063861,-0.003832,-0.99999,0.0033079,0.018489,0.0032365,0.99982,-0.99982,0.0038925,0.018476
0.13448,-0.95115,0.27791,-0.025039,0.27711,0.96051,-0.9906,-0.13612,0.013449,0.030124,-0.9984,-0.047824,-0.0272,-0.048647,0.99845,-0.99918,-0.028776,-0.028622
0.13542,-0.95158,0.27596,-0.017505,0.27619,0.96094,-0.99063,-0.13496,0.020744,0.066376,-0.99208,-0.10659,-0.068849,-0.11113,0.99142,-0.99542,-0.058468,-0.07568
0.13685,-0.95227,0.27286,-0.0040537,0.27492,0.96146,-0.99058,-0.13268,0.033762,0.095366,-0.98221,-0.16175,-0.093929,-0.17065,0.98084,-0.991,-0.078346,-0.10853
0.13555,-0.952,0.27443,0.027409,0.28049,0.95947,-0.99039,-0.12253,0.064113,0.10268,-0.97453,-0.19937,-0.089279,-0.20865,0.97391,-0.9907,-0.082202,-0.10843
0.13049,-0.95117,0.27972,0.079586,0.29127,0.95333,-0.98825,-0.10214,0.11371,0.087729,-0.97267,-0.21496,-0.056894,-0.22033,0.97376,-0.99452,-0.073198,-0.074669
0.12219,-0.95029,0.28639,0.14544,0.30258,0.94196,-0.98179,-0.073442,0.17518,0.066549,-0.97364,-0.21816,-0.020324,-0.21992,0.97531,-0.99758,-0.060472,-0.034424
0.11228,-0.95039,0.29009,0.2179,0.30838,0.92597,-0.96949,-0.040753,0.24172,0.046976,-0.97734,-0.20639,0.010998,-0.2061,0.97847,-0.99884,-0.048234,0.0010673
0.10584,-0.95172,0.28814,0.27361,0.30645,0.91171,-0.956,-0.017654,0.29284,0.025733,-0.98438,-0.17415,0.046044,-0.17285,0.98387,-0.99861,-0.033337,0.040877
0.10314,-0.95238,0.28693,0.30499,0.30485,0.90224,-0.94675,-0.005547,0.32191,0.0058251,-0.99124,-0.13197,0.077457,-0.13113,0.98833,-0.99698,-0.015979,0.076014
0.10391,-0.95203,0.28782,0.30768,0.30596,0.90095,-0.9458,-0.0050639,0.32472,-0.0012073,-0.99446,-0.10507,0.086332,-0.10478,0.99074,-0.99627,-0.0078744,0.08598
0.10596,-0.95177,0.28795,0.2976,0.30666,0.9041,-0.94879,-0.010106,0.31574,-0.0041232,-0.99616,-0.087459,0.087012,-0.087485,0.99236,-0.9962,-0.0035182,0.087038
0.10773,-0.95131,0.2888,0.28745,0.30789,0.90696,-0.95172,-0.014691,0.30662,-0.0055185,-0.99715,-0.075248,0.086593,-0.075443,0.99338,-0.99623,-0.0010339,0.086762
0.10953,-0.95049,0.29081,0.28041,0.31023,0.90836,-0.95361,-0.017949,0.30051,-0.0077976,-0.9977,-0.067281,0.089404,-0.067709,0.99369,-0.99596,0.0017332,0.089727
0.11217,-0.94931,0.29364,0.26789,0.31346,0.91103,-0.9569,-0.023529,0.28948,-0.0092034,-0.99799,-0.062745,0.09093,-0.063323,0.99384,-0.99581,0.0034414,0.091329
0.11679,-0.94899,0.2929,0.24645,0.31338,0.91709,-0.96209,-0.034918,0.27048,-0.0065999,-0.99808,-0.061535,0.087288,-0.061877,0.99426,-0.99616,0.0011907,0.087529
0.12475,-0.9501,0.28591,0.2214,0.30755,0.92541,-0.96717,-0.052138,0.24872,-0.0032444,-0.9981,-0.061554,0.083462,-0.06161,0.9946,-0.99651,-0.0019105,0.083503
0.13546,-0.95217,0.2739,0.18962,0.29625,0.9361,-0.97247,-0.074865,0.22069,-0.0019121,-0.99823,-0.059466,0.082665,-0.059421,0.9948,-0.99658,-0.0030137,0.082632
0.14701,-0.95448,0.25955,0.15294,0.28117,0.94739,-0.97724,-0.099578,0.18731,-0.0047635,-0.99867,-0.051416,0.086234,-0.051636,0.99494,-0.99626,0.00030554,0.086365
0.15791,-0.95658,0.24498,0.11648,0.26441,0.95735,-0.98056,-0.12264,0.15318,-0.0086322,-0.99913,-0.040828,0.090394,-0.041442,0.99504,-0.99587,0.0048988,0.090673
0.16864,-0.95802,0.23186,0.079362,0.24766,0.96559,-0.98248,-0.14443,0.1178,-0.010888,-0.9995,-0.029581,0.093065,-0.030467,0.99519,-0.9956,0.0080825,0.093351
0.17878,-0.95887,0.22046,0.044056,0.23165,0.9718,-0.9829,-0.16402,0.083657,-0.012733,-0.99975,-0.018334,0.096502,-0.019478,0.99514,-0.99525,0.010902,0.096726
0.18673,-0.95946,0.21112,0.016276,0.21789,0.97584,-0.98228,-0.17878,0.056302,-0.013515,-0.99991,-0.0026457,0.099471,-0.0039772,0.99503,-0.99495,0.013185,0.099515
0.19149,-0.95998,0.20437,0.0017557,0.20856,0.97801,-0.98149,-0.18692,0.041623,-0.011396,-0.99978,0.017387,0.097351,0.016197,0.99512,-0.99518,0.013033,0.097146
0.19261,-0.96046,0.20103,0.0031373,0.20546,0.97866,-0.98127,-0.18787,0.042588,-0.011215,-0.99926,0.036732,0.10078,0.035418,0.99428,-0.99485,0.014852,0.1003
0.1927,-0.96101,0.19832,0.0073319,0.20351,0.97905,-0.98123,-0.1872,0.046262,-0.011535,-0.99861,0.051402,0.10768,0.049866,0.99293,-0.99412,0.016988,0.10695
0.19331,-0.96094,0.19806,0.0093327,0.20366,0.979,-0.98109,-0.1874,0.048337,-0.011474,-0.99803,0.061668,0.11273,0.059988,0.99181,-0.99356,0.018332,0.11182
0.19418,-0.96065,0.19859,0.012308,0.20481,0.97872,-0.98089,-0.18761,0.051594,-0.012668,-0.99769,0.066763,0.12114,0.064745,0.99052,-0.99255,0.020636,0.12004
0.19648,-0.96045,0.19732,0.012894,0.20375,0.97894,-0.98042,-0.1898,0.052417,-0.0094627,-0.99803,0.062025,0.1209,0.060431,0.99082,-0.99262,0.016875,0.12009
0.1987,-0.96046,0.19503,0.013835,0.20173,0.97934,-0.97996,-0.1919,0.053372,6.1556e-05,-0.99877,0.049566,0.10803,0.049283,0.99293,-0.99415,0.0052935,0.1079
0.19931,-0.96068,0.19331,0.019572,0.20113,0.97937,-0.97974,-0.19141,0.05889,0.012499,-0.99934,0.034078,0.090135,0.035068,0.99531,-0.99585,-0.0093687,0.090514
0.19989,-0.96099,0.19115,0.02795,0.2006,0.97927,-0.97942,-0.1904,0.066957,0.027494,-0.99952,0.014278,0.068292,0.016128,0.99753,-0.99729,-0.026451,0.068703
0.20054,-0.96144,0.18821,0.034076,0.19884,0.97944,-0.97909,-0.19,0.072636,0.04145,-0.9991,-0.0092403,0.046386,-0.007314,0.9989,-0.99806,-0.041833,0.046041
0.20116,-0.96192,0.18504,0.037286,0.19628,0.97984,-0.97885,-0.1902,0.075349,0.05197,-0.99809,-0.033258,0.02937,-0.031761,0.99906,-0.99822,-0.052898,0.027664
0.20206,-0.9626,0.18047,0.043116,0.19284,0.98028,-0.97842,-0.1903,0.080469,0.058648,-0.9966,-0.0578,0.019263,-0.056759,0.9982,-0.99809,-0.059656,0.015869
0.20364,-0.96335,0.17458,0.046449,0.18762,0.98114,-0.97794,-0.1917,0.082955,0.062098,-0.99477,-0.081113,0.013703,-0.080413,0.99667,-0.99798,-0.063003,0.0086374
0.20614,-0.96388,0.16862,0.043635,0.18121,0.98248,-0.97755,-0.19517,0.079413,0.062789,-0.99299,-0.10013,0.012831,-0.099516,0.99495,-0.99794,-0.063757,0.0064922
0.2086,-0.9643,0.16315,0.042296,0.17556,0.98356,-0.97709,-0.19827,0.077407,0.064006,-0.99153,-0.113,0.010577,-0.11255,0.99359,-0.99789,-0.064791,0.0032833
0.21019,-0.96473,0.1585,0.046577,0.17182,0.98403,-0.97655,-0.19945,0.081049,0.066921,-0.9904,-0.12098,0.0050051,-0.12092,0.99265,-0.99775,-0.067034,-0.0031351
0.21106,-0.96528,0.15391,0.052133,0.16835,0.98435,-0.97608,-0.19973,0.085856,0.069867,-0.98944,-0.12702,-0.0017215,-0.12745,0.99184,-0.99755,-0.069079,-0.010608
0.21144,-0.96591,0.1494,0.059103,0.16521,0.98449,-0.9756,-0.19933,0.092019,0.07534,-0.98824,-0.13308,-0.013032,-0.13442,0.99084,-0.99707,-0.072915,-0.023006
0.21081,-0.96678,0.14458,0.066292,0.1617,0.98461,-0.97528,-0.19798,0.098179,0.083997,-0.98672,-0.139,-0.031197,-0.14203,0.98937,-0.99598,-0.078768,-0.042713
0.20935,-0.96818,0.1371,0.070687,0.15482,0.98541,-0.97528,-0.1966,0.10085,0.091986,-0.98537,-0.14348,-0.050598,-0.14853,0.98761,-0.99447,-0.083587,-0.063521
0.20745,-0.96986,0.12785,0.070157,0.1451,0.98693,-0.97573,-0.19577,0.098144,0.096233,-0.98459,-0.14599,-0.065424,-0.15261,0.98612,-0.99321,-0.085346,-0.079103
0.20501,-0.97157,0.11845,0.064375,0.13414,0.98887,-0.97664,-0.19511,0.090046,0.095545,-0.9844,-0.14772,-0.072658,-0.1549,0.98525,-0.99277,-0.083402,-0.086325
0.20147,-0.97328,0.11017,0.061122,0.12475,0.9903,-0.97759,-0.19279,0.084624,0.091332,-0.98464,-0.14883,-0.074328,-0.15578,0.98499,-0.99304,-0.078899,-0.087413
0.19605,-0.97507,0.10395,0.062675,0.11825,0.991,-0.97859,-0.18777,0.084297,0.078076,-0.98618,-0.14616,-0.060858,-0.15105,0.98665,-0.99509,-0.068139,-0.07181
0.18558,-0.97771,0.098212,0.082655,0.11513,0.98991,-0.97915,-0.17559,0.10218,0.060587,-0.98843,-0.13903,-0.039174,-0.14153,0.98916,-0.99739,-0.054484,-0.047296
0.17327,-0.98062,0.091453,0.1128,0.11201,0.98728,-0.97839,-0.16075,0.13002,0.045317,-0.99059,-0.12918,-0.019109,-0.13015,0.99131,-0.99879,-0.042455,-0.024827
0.16118,-0.98335,0.083977,0.14015,0.10703,0.98433,-0.97692,-0.14688,0.15507,0.034538,-0.99224,-0.11943,-0.0053878,-0.11968,0.9928,-0.99939,-0.033646,-0.0094797
0.15172,-0.98537,0.077692,0.15933,0.10195,0.98195,-0.9755,-0.1366,0.17247,0.027959,-0.99347,-0.1106,0.0029286,-0.11056,0.99387,-0.9996,-0.028111,-0.00018163
0.14308,-0.98699,0.073301,0.17543,0.098183,0.97958,-0.97404,-0.1273,0.1872,0.021943,-0.99437,-0.10365,0.010411,-0.10344,0.99458,-0.99971,-0.022903,0.0080826
0.13483,-0.98844,0.069398,0.18972,0.094495,0.97728,-0.97254,-0.1186,0.20027,0.016676,-0.99489,-0.099545,0.014847,-0.099301,0.99495,-0.99975,-0.01807,0.013115
0.12837,-0.98958,0.065199,0.19902,0.090111,0.97584,-0.97155,-0.11229,0.20852,0.013358,-0.99518,-0.097141,0.016215,-0.096921,0.99516,-0.99978,-0.014868,0.014842
0.12514,-0.99028,0.060693,0.19671,0.084726,0.97679,-0.97244,-0.1103,0.20541,0.01263,-0.99534,-0.095611,0.014484,-0.095426,0.99533,-0.99982,-0.013956,0.013212
0.12248,-0.99081,0.057358,0.18362,0.079419,0.97978,-0.97534,-0.10948,0.19166,0.010066,-0.99547,-0.094507,0.017098,-0.094327,0.99539,-0.9998,-0.011636,0.016071
0.11979,-0.99124,0.05564,0.17546,0.076298,0.98153,-0.97717,-0.10781,0.18306,0.0060067,-0.99546,-0.094957,0.016969,-0.094844,0.99535,-0.99984,-0.00759,0.016322
0.11874,-0.99138,0.055462,0.1694,0.075263,0.98267,-0.97837,-0.10728,0.17687,0.0039081,-0.99536,-0.096106,0.01322,-0.096047,0.99529,-0.9999,-0.0051602,0.012784
0.11835,-0.99148,0.054465,0.16583,0.073815,0.98339,-0.97903,-0.10735,0.17315,0.0022677,-0.99524,-0.097478,0.01173,-0.097445,0.99517,-0.99993,-0.0034002,0.011453
0.1198,-0.9913,0.054523,0.1574,0.073189,0.98482,-0.98024,-0.1094,0.1648,0.0029551,-0.99506,-0.099262,0.0052375,-0.099246,0.99505,-0.99998,-0.0034604,0.0049184
0.12197,-0.99109,0.053532,0.14717,0.071397,0.98653,-0.98156,-0.11245,0.15457,0.0055216,-0.99462,-0.1034,-0.0045275,-0.10343,0.99463,-0.99997,-0.0050237,-0.0050743
0.12249,-0.99108,0.052436,0.14265,0.069866,0.9873,-0.98216,-0.11345,0.14994,0.0063799,-0.99415,-0.10784,-0.011395,-0.10791,0.9941,-0.99991,-0.0051134,-0.012017
0.121,-0.99127,0.052352,0.14461,0.06978,0.98702,-0.98206,-0.11186,0.15179,0.0045266,-0.99381,-0.11101,-0.012333,-0.11105,0.99374,-0.99991,-0.0031291,-0.01276
0.11957,-0.99145,0.052193,0.14445,0.069384,0.98708,-0.98226,-0.11048,0.15151,0.0023745,-0.99338,-0.11488,-0.013366,-0.1149,0.99329,-0.99991,-0.00082304,-0.01355
0.11867,-0.99153,0.052835,0.14243,0.069658,0.98735,-0.98267,-0.10964,0.14949,-0.00055769,-0.99309,-0.11738,-0.013171,-0.11736,0.993,-0.99991,0.0020997,-0.013014
0.1187,-0.99153,0.052811,0.13938,0.069298,0.98781,-0.9831,-0.10989,0.14642,-0.003321,-0.99282,-0.11958,-0.012451,-0.11953,0.99275,-0.99992,0.0047858,-0.011965
0.11963,-0.99138,0.053366,0.13509,0.069506,0.98839,-0.98358,-0.11103,0.14224,-0.004792,-0.99264,-0.12101,-0.012839,-0.12094,0.99258,-0.99991,0.0063101,-0.012165
0.11994,-0.99123,0.055475,0.13355,0.07148,0.98846,-0.98376,-0.11115,0.14096,-0.0063693,-0.99265,-0.12089,-0.0122,-0.12081,0.9926,-0.99991,0.007797,-0.011341
0.11843,-0.99122,0.058716,0.13805,0.074996,0.98758,-0.98332,-0.10886,0.14572,-0.010393,-0.993,-0.11763,-0.0058702,-0.11757,0.99305,-0.99993,0.011012,-0.0046072
0.11661,-0.9912,0.062591,0.14594,0.079437,0.9861,-0.9824,-0.10586,0.15392,-0.015131,-0.99358,-0.11209,0.003722,-0.11216,0.99368,-0.99988,0.014618,0.0053952
0.11426,-0.99114,0.067669,0.15656,0.085228,0.98398,-0.98104,-0.10183,0.16491,-0.020857,-0.99419,-0.10563,0.01593,-0.10597,0.99424,-0.99966,0.019054,0.018048
0.11183,-0.99092,0.074701,0.16742,0.092885,0.9815,-0.97952,-0.097253,0.17628,-0.027114,-0.99464,-0.099779,0.027769,-0.10053,0.99455,-0.99925,0.024196,0.030346
0.10968,-0.9904,0.08418,0.18205,0.10327,0.97785,-0.97715,-0.091921,0.19163,-0.034487,-0.99502,-0.093488,0.041453,-0.094888,0.99462,-0.99855,0.030426,0.044519
0.10616,-0.99019,0.090834,0.19919,0.11068,0.97369,-0.97419,-0.085274,0.20899,-0.043066,-0.99537,-0.085907,0.058603,-0.088356,0.99436,-0.99735,0.037789,0.062137
0.10074,-0.99047,0.093954,0.21631,0.11398,0.96965,-0.97111,-0.077364,0.22573,-0.052882,-0.99564,-0.076781,0.079083,-0.080823,0.99359,-0.99546,0.046471,0.083013
0.094357,-0.99095,0.095449,0.23393,0.11526,0.9654,-0.96766,-0.068763,0.24269,-0.064797,-0.99576,-0.065264,0.10639,-0.071922,0.99172,-0.99221,0.057318,0.11059
0.08838,-0.99133,0.097235,0.25002,0.11657,0.9612,-0.9642,-0.060639,0.25816,-0.077689,-0.99554,-0.053436,0.13608,-0.063684,0.98865,-0.98765,0.069535,0.14042
0.083555,-0.99164,0.098338,0.2621,0.11708,0.95791,-0.96142,-0.054263,0.2697,-0.088268,-0.99514,-0.043623,0.16059,-0.057438,0.98535,-0.98307,0.07997,0.16488
0.15973,-0.98293,0.091354,0.25558,0.13056,0.95793,-0.9535,-0.12966,0.27207,-0.0040638,-0.9966,-0.082345,0.16834,-0.081852,0.98232,-0.98572,-0.00987,0.1681
0.15885,-0.9831,0.091016,0.25578,0.13002,0.95795,-0.95359,-0.12889,0.27211,-0.004566,-0.99655,-0.082854,0.16867,-0.082436,0.98222,-0.98566,-0.0094902,0.16846
0.15803,-0.98329,0.090375,0.25627,0.12923,0.95793,-0.9536,-0.12822,0.27241,-0.0049458,-0.99649,-0.083542,0.16952,-0.083169,0.98201,-0.98551,-0.0093052,0.16934
0.15732,-0.9835,0.089302,0.25702,0.12809,0.95788,-0.95351,-0.12775,0.27293,-0.005142,-0.99643,-0.084319,0.17082,-0.083956,0.98172,-0.98529,-0.0093555,0.17064
0.15682,-0.9837,0.087952,0.25821,0.12679,0.95773,-0.95327,-0.12748,0.27389,-0.0051072,-0.99635,-0.085151,0.17248,-0.084754,0.98136,-0.985,-0.0096749,0.17228
0.15656,-0.98386,0.08661,0.25964,0.12561,0.9575,-0.95293,-0.12742,0.27512,-0.0048746,-0.9963,-0.08582,0.1742,-0.085355,0.981,-0.9847,-0.010168,0.17397
0.15678,-0.98397,0.085006,0.26121,0.12432,0.95724,-0.95247,-0.12787,0.27651,-0.0043257,-0.99624,-0.086583,0.17564,-0.085994,0.98069,-0.98444,-0.010966,0.17535
0.15724,-0.98406,0.083098,0.26289,0.12282,0.95698,-0.95193,-0.12863,0.27801,-0.0037117,-0.99616,-0.087444,0.17663,-0.086723,0.98045,-0.98427,-0.011806,0.17627
0.15798,-0.98411,0.081016,0.26471,0.12125,0.95668,-0.9513,-0.12969,0.27966,-0.0029357,-0.99607,-0.088503,0.17736,-0.087619,0.98024,-0.98414,-0.012819,0.17692
0.15895,-0.9841,0.079231,0.26641,0.12003,0.95636,-0.95066,-0.13091,0.28125,-0.0021376,-0.996,-0.089328,0.17774,-0.088284,0.98011,-0.98407,-0.013782,0.17722
0.16006,-0.98405,0.07764,0.26789,0.11901,0.95607,-0.95006,-0.13223,0.28267,-0.001274,-0.99594,-0.090022,0.17781,-0.088813,0.98005,-0.98406,-0.014758,0.1772
0.16135,-0.98397,0.075985,0.26926,0.11796,0.95581,-0.94945,-0.13376,0.28398,-0.00045832,-0.99586,-0.090892,0.17752,-0.089529,0.98004,-0.98412,-0.015686,0.17683
0.16259,-0.98389,0.074371,0.27067,0.11696,0.95554,-0.94884,-0.13523,0.28532,0.00028011,-0.99578,-0.091792,0.17703,-0.090293,0.98006,-0.98421,-0.016524,0.17625
0.16368,-0.98382,0.072806,0.27238,0.116,0.95517,-0.94817,-0.13651,0.28696,0.00076073,-0.9957,-0.0926,0.17661,-0.091011,0.98006,-0.98428,-0.0171,0.17578
0.16448,-0.98379,0.071439,0.27436,0.1152,0.9547,-0.94745,-0.13743,0.28886,0.00091082,-0.99565,-0.093186,0.17619,-0.091569,0.98009,-0.98436,-0.017311,0.17534
0.16504,-0.98379,0.070097,0.27668,0.1144,0.95413,-0.94668,-0.13808,0.29108,0.00097419,-0.99561,-0.093603,0.17589,-0.091973,0.9801,-0.98441,-0.017418,0.17502
0.16551,-0.9838,0.068856,0.27933,0.11372,0.95344,-0.94582,-0.13857,0.29363,0.0010533,-0.99559,-0.093815,0.1756,-0.092173,0.98014,-0.98446,-0.017506,0.17473
0.16569,-0.98385,0.067688,0.2824,0.1131,0.95261,-0.94488,-0.13872,0.29658,0.00098562,-0.99559,-0.093831,0.17564,-0.0922,0.98013,-0.98445,-0.017447,0.17478
0.1657,-0.98394,0.066371,0.28576,0.11232,0.9517,-0.94387,-0.13873,0.29978,0.00086437,-0.9956,-0.093746,0.17599,-0.092132,0.98007,-0.98439,-0.017346,0.17514
0.16545,-0.98407,0.065008,0.28928,0.11144,0.95074,-0.94284,-0.13849,0.30311,0.00072325,-0.9956,-0.093655,0.17658,-0.092056,0.97997,-0.98429,-0.017247,0.17574
0.16504,-0.98422,0.063761,0.29268,0.11061,0.94979,-0.94186,-0.1381,0.30631,0.00070513,-0.99563,-0.093406,0.17718,-0.091804,0.97989,-0.98418,-0.01724,0.17634
0.16459,-0.98438,0.062568,0.29602,0.1098,0.94885,-0.94089,-0.13765,0.30947,0.00068463,-0.99566,-0.093037,0.17778,-0.091434,0.97981,-0.98407,-0.017211,0.17694
0.16411,-0.98452,0.061494,0.29913,0.10907,0.94796,-0.94,-0.13718,0.3124,0.00059796,-0.9957,-0.092655,0.17817,-0.091066,0.97978,-0.984,-0.017094,0.17735
0.16376,-0.98464,0.060515,0.3018,0.10841,0.94719,-0.9392,-0.13685,0.31492,0.00032834,-0.99574,-0.092231,0.17846,-0.090692,0.97976,-0.98395,-0.016781,0.17767
