0.22755,-0.64984,0.72521,0.43248,0.73471,0.52265,-0.87246,0.19471,0.44823,-0.0725,-0.98127,0.17848,0.10862,0.17012,0.97942,-0.99144,0.090395,0.094251
0.22807,-0.64979,0.7251,0.42989,0.73541,0.52381,-0.8736,0.19225,0.44705,-0.07159,-0.98137,0.17831,0.10979,0.16992,0.97932,-0.99137,0.089686,0.09558
0.22867,-0.6496,0.72507,0.42658,0.73636,0.52517,-0.87507,0.18921,0.44549,-0.070637,-0.98145,0.17821,0.11105,0.16981,0.9792,-0.9913,0.088958,0.096992
0.22942,-0.64936,0.72505,0.42259,0.7375,0.52679,-0.8768,0.18555,0.44361,-0.069592,-0.98153,0.1782,0.11214,0.1698,0.97908,-0.99125,0.088119,0.098252
0.23047,-0.64909,0.72496,0.41802,0.73881,0.5286,-0.87872,0.18122,0.44161,-0.068532,-0.98158,0.17832,0.11319,0.16993,0.97893,-0.99121,0.087272,0.099461
0.23163,-0.64896,0.72471,0.41305,0.74009,0.53071,-0.88076,0.17641,0.43947,-0.067465,-0.98166,0.17831,0.11388,0.16998,0.97885,-0.9912,0.086345,0.10033
0.23288,-0.64893,0.72433,0.40779,0.74133,0.53305,-0.88288,0.17123,0.43727,-0.066392,-0.98174,0.17828,0.11448,0.17,0.97877,-0.9912,0.085392,0.10111
0.23405,-0.64927,0.72365,0.40249,0.74225,0.53578,-0.885,0.16586,0.43505,-0.065325,-0.98185,0.17807,0.1149,0.16986,0.97875,-0.99123,0.084396,0.10172
0.23521,-0.64974,0.72285,0.39729,0.74302,0.5386,-0.88704,0.1605,0.4329,-0.064165,-0.982,0.17766,0.11521,0.16954,0.97876,-0.99127,0.083271,0.10226
0.23631,-0.65048,0.72182,0.39239,0.74348,0.54154,-0.88892,0.15527,0.43094,-0.062982,-0.98218,0.17706,0.11536,0.16906,0.97883,-0.99132,0.082075,0.10266
0.23741,-0.65149,0.72055,0.38787,0.74364,0.54457,-0.89061,0.15019,0.42924,-0.061606,-0.9824,0.17631,0.11541,0.16845,0.97893,-0.99141,0.080657,0.10301
0.23854,-0.65271,0.71908,0.38398,0.7435,0.5475,-0.89199,0.14551,0.42799,-0.060159,-0.98265,0.17544,0.11567,0.16771,0.97903,-0.99146,0.07919,0.10357
0.23979,-0.65389,0.71759,0.38066,0.74329,0.55011,-0.89308,0.14125,0.42714,-0.058598,-0.98291,0.17453,0.11601,0.16694,0.97912,-0.99152,0.077622,0.10424
0.24106,-0.6551,0.71606,0.3778,0.74296,0.55252,-0.89396,0.13734,0.42659,-0.056903,-0.98313,0.17384,0.11648,0.1664,0.97916,-0.99156,0.075965,0.10504
0.24237,-0.65634,0.71448,0.37546,0.74251,0.55472,-0.89459,0.13381,0.42639,-0.05528,-0.9833,0.17338,0.11698,0.16607,0.97915,-0.9916,0.074408,0.10584
0.24318,-0.65774,0.71291,0.37357,0.74179,0.55695,-0.89516,0.13089,0.4261,-0.053956,-0.98343,0.17309,0.1172,0.1659,0.97915,-0.99164,0.073117,0.1063
0.24335,-0.65924,0.71146,0.37172,0.7409,0.55937,-0.89588,0.12834,0.42535,-0.053015,-0.98351,0.17289,0.11699,0.16582,0.97919,-0.99172,0.072138,0.10627
0.24302,-0.66097,0.70997,0.36984,0.73976,0.56211,-0.89675,0.12597,0.42423,-0.052361,-0.98361,0.17254,0.11633,0.16559,0.97931,-0.99183,0.071348,0.10575
0.24215,-0.66301,0.70837,0.36793,0.73831,0.56526,-0.89777,0.12375,0.42272,-0.052129,-0.98372,0.17197,0.11524,0.16513,0.97952,-0.99197,0.070879,0.10475
0.24068,-0.66527,0.70674,0.36573,0.73664,0.56886,-0.89906,0.12157,0.42061,-0.052285,-0.98383,0.1713,0.11361,0.16456,0.9798,-0.99215,0.07069,0.10317
0.23881,-0.66791,0.70488,0.36331,0.73462,0.57301,-0.90054,0.11925,0.41809,-0.052562,-0.98397,0.17041,0.11163,0.16379,0.98016,-0.99236,0.070542,0.10123
0.23705,-0.67033,0.70318,0.36075,0.7328,0.57694,-0.90203,0.11691,0.41553,-0.052606,-0.98413,0.16947,0.10954,0.163,0.98053,-0.99259,0.070145,0.099226
0.23537,-0.67278,0.7014,0.35826,0.73092,0.58087,-0.90346,0.11456,0.41307,-0.052636,-0.98428,0.16861,0.10756,0.16227,0.98087,-0.9928,0.069765,0.09733
0.23382,-0.67537,0.69943,0.35591,0.72889,0.58484,-0.90479,0.11219,0.4108,-0.052581,-0.98442,0.16779,0.1057,0.1616,0.98118,-0.99301,0.069327,0.095555
0.23241,-0.67806,0.6973,0.35389,0.72674,0.58873,-0.90595,0.10994,0.40886,-0.052424,-0.9846,0.1668,0.10383,0.16075,0.98152,-0.99321,0.068774,0.093803
0.23116,-0.68092,0.69491,0.35258,0.72434,0.59247,-0.90678,0.10806,0.40752,-0.052293,-0.98476,0.16589,0.10221,0.15997,0.98182,-0.99339,0.068298,0.09229
0.23019,-0.68383,0.69238,0.35217,0.7218,0.5958,-0.90719,0.10669,0.40697,-0.051949,-0.98491,0.16506,0.10099,0.15926,0.98206,-0.99353,0.067687,0.091195
0.22966,-0.68671,0.6897,0.3526,0.7192,0.59868,-0.90716,0.10569,0.4073,-0.051461,-0.98507,0.16426,0.10014,0.15856,0.98226,-0.99364,0.066997,0.090483
0.22917,-0.68969,0.68689,0.35368,0.71644,0.60135,-0.90686,0.10512,0.40812,-0.050988,-0.98518,0.16377,0.099299,0.15817,0.98241,-0.99375,0.066353,0.089763
0.22862,-0.69276,0.68397,0.35536,0.71348,0.60387,-0.90634,0.105,0.40929,-0.050614,-0.98528,0.16325,0.098543,0.15774,0.98255,-0.99384,0.065819,0.089109
0.22789,-0.69606,0.68086,0.3574,0.71025,0.60648,-0.90572,0.10513,0.41063,-0.050406,-0.98538,0.16276,0.097987,0.1573,0.98268,-0.99391,0.065481,0.088625
0.22721,-0.69954,0.67751,0.35947,0.70682,0.60925,-0.90507,0.10512,0.41206,-0.050255,-0.9855,0.16207,0.0976,0.15665,0.98282,-0.99396,0.065209,0.088312
0.22652,-0.7033,0.67384,0.36167,0.7031,0.61225,-0.90437,0.10502,0.41362,-0.050215,-0.98565,0.16115,0.097261,0.15576,0.98299,-0.99399,0.065035,0.088044
0.22548,-0.7075,0.66978,0.3639,0.69888,0.61574,-0.90373,0.1049,0.41504,-0.050327,-0.98587,0.15979,0.096779,0.15443,0.98325,-0.99403,0.064948,0.08764
0.22392,-0.71171,0.66584,0.36644,0.69453,0.61915,-0.9031,0.10535,0.41632,-0.050657,-0.98604,0.15863,0.096064,0.15329,0.9835,-0.99409,0.06506,0.086958
0.22187,-0.71586,0.66206,0.36941,0.69008,0.62236,-0.90239,0.10649,0.41755,-0.051409,-0.98616,0.15765,0.095145,0.1523,0.98374,-0.99414,0.065573,0.085998
0.21921,-0.72028,0.65814,0.37302,0.68517,0.62562,-0.90156,0.10836,0.41887,-0.052513,-0.98631,0.15633,0.094016,0.15096,0.98406,-0.99418,0.066373,0.084801
0.21599,-0.72493,0.65408,0.37719,0.67984,0.62892,-0.90059,0.11087,0.42028,-0.053764,-0.98653,0.15447,0.092442,0.14911,0.98449,-0.99427,0.06721,0.08318
0.21234,-0.72967,0.64999,0.38172,0.67425,0.6322,-0.89956,0.11387,0.4217,-0.054286,-0.98687,0.15214,0.089651,0.14693,0.98508,-0.99449,0.067115,0.080497
0.20817,-0.73455,0.64584,0.38658,0.66833,0.63553,-0.89846,0.11737,0.42309,-0.054909,-0.98723,0.14952,0.085487,0.14455,0.9858,-0.99483,0.066911,0.076458
0.20355,-0.73958,0.64156,0.39185,0.66204,0.63887,-0.89723,0.12135,0.42456,-0.05647,-0.98751,0.14706,0.081358,0.14225,0.98648,-0.99508,0.067671,0.07231
0.19868,-0.74466,0.63718,0.39729,0.65552,0.64222,-0.89593,0.12555,0.42609,-0.05865,-0.98772,0.1448,0.07792,0.14008,0.98707,-0.99523,0.069175,0.068748
0.19356,-0.74987,0.63264,0.40279,0.64872,0.64569,-0.89459,0.12984,0.4276,-0.0613,-0.98788,0.14257,0.075153,0.13787,0.9876,-0.99529,0.071254,0.065791
0.18842,-0.7552,0.62783,0.40812,0.64168,0.64938,-0.89327,0.13387,0.42912,-0.06375,-0.98807,0.14018,0.07276,0.13549,0.9881,-0.99531,0.07319,0.063255
0.18398,-0.76035,0.62291,0.41302,0.63486,0.65296,-0.89194,0.13714,0.43085,-0.065766,-0.98828,0.13778,0.070366,0.13314,0.9886,-0.99535,0.074711,0.060785
0.17975,-0.76563,0.61765,0.41731,0.62793,0.65693,-0.89081,0.13967,0.43238,-0.067557,-0.98848,0.13543,0.067646,0.13089,0.98909,-0.99542,0.075981,0.058024
0.17575,-0.771,0.61211,0.42115,0.6209,0.66115,-0.8898,0.14159,0.43383,-0.069495,-0.98858,0.13371,0.06465,0.12928,0.9895,-0.99549,0.07741,0.054927
0.17187,-0.77653,0.60618,0.4241,0.61373,0.66594,-0.88916,0.14262,0.43481,-0.071498,-0.98862,0.13232,0.061453,0.12804,0.98986,-0.99555,0.078904,0.0516
0.16797,-0.78223,0.59992,0.42604,0.6064,0.6714,-0.88898,0.14281,0.43511,-0.073551,-0.98863,0.13115,0.058246,0.12702,0.99019,-0.99559,0.080468,0.048241
0.16406,-0.78812,0.59325,0.42678,0.59891,0.67761,-0.88935,0.14202,0.43461,-0.075431,-0.98862,0.13014,0.055314,0.12616,0.99047,-0.99562,0.081911,0.045168
0.16034,-0.79398,0.58642,0.42632,0.59154,0.68435,-0.89025,0.14027,0.43334,-0.076986,-0.98861,0.12928,0.052893,0.12543,0.99069,-0.99563,0.083107,0.042634
0.15675,-0.79975,0.57951,0.42472,0.58432,0.69151,-0.89165,0.13774,0.43126,-0.078333,-0.9886,0.12855,0.050941,0.12481,0.99087,-0.99562,0.084167,0.040583
0.1534,-0.80545,0.57247,0.42195,0.57724,0.6991,-0.89355,0.13431,0.42841,-0.079323,-0.98863,0.12778,0.049255,0.12414,0.99104,-0.99563,0.084906,0.038848
0.15006,-0.81106,0.56538,0.41822,0.57025,0.70704,-0.89586,0.13036,0.42478,-0.080332,-0.98864,0.12701,0.048005,0.12344,0.99119,-0.99561,0.085722,0.037544
0.14664,-0.8165,0.55841,0.41343,0.56343,0.71528,-0.89865,0.12597,0.42019,-0.081348,-0.98866,0.12625,0.047099,0.12272,0.99132,-0.99557,0.086589,0.036582
0.14318,-0.82172,0.55161,0.40771,0.55683,0.72368,-0.90182,0.12128,0.41475,-0.08209,-0.9887,0.12541,0.046656,0.12188,0.99145,-0.99553,0.087239,0.036123
0.13998,-0.82674,0.54489,0.40121,0.55046,0.73213,-0.90523,0.11613,0.40875,-0.082955,-0.98876,0.12436,0.046681,0.1208,0.99158,-0.99546,0.088062,0.036135
0.13664,-0.83162,0.53827,0.39404,0.54416,0.74069,-0.90888,0.11089,0.40205,-0.084303,-0.98879,0.12322,0.047189,0.11956,0.9917,-0.99532,0.089418,0.03658
0.13337,-0.83621,0.53194,0.38635,0.53814,0.74909,-0.91266,0.10561,0.39484,-0.085677,-0.98883,0.12194,0.047952,0.11815,0.99184,-0.99517,0.090825,0.037294
0.13023,-0.84051,0.5259,0.37817,0.53243,0.7573,-0.91653,0.10025,0.3872,-0.086859,-0.98889,0.12063,0.048853,0.11671,0.99196,-0.99502,0.092054,0.038173
0.12721,-0.84443,0.52034,0.3694,0.5272,0.76525,-0.92052,0.094862,0.379,-0.087738,-0.98898,0.11922,0.049519,0.11521,0.99211,-0.99491,0.092949,0.038865
0.12428,-0.84805,0.51514,0.36033,0.52229,0.7729,-0.92451,0.08957,0.37049,-0.088101,-0.98914,0.11764,0.049672,0.11359,0.99229,-0.99487,0.093265,0.039125
0.12145,-0.85134,0.51036,0.35097,0.51779,0.7802,-0.92848,0.084369,0.36168,-0.088352,-0.98931,0.11603,0.049194,0.11201,0.99249,-0.99487,0.093396,0.038771
0.11893,-0.85433,0.50594,0.34136,0.51368,0.78715,-0.93238,0.079098,0.35273,-0.088419,-0.98951,0.11424,0.048151,0.11031,0.99273,-0.99492,0.093277,0.037892
0.11664,-0.85707,0.50182,0.33155,0.50989,0.79378,-0.9362,0.073788,0.34364,-0.088362,-0.98975,0.11219,0.046546,0.1084,0.99302,-0.995,0.092967,0.03649
0.1146,-0.85947,0.49818,0.32145,0.50658,0.80003,-0.93997,0.06846,0.33433,-0.088398,-0.98997,0.11018,0.044279,0.1066,0.99332,-0.9951,0.092686,0.034412
0.11289,-0.86169,0.49472,0.31135,0.5035,0.80594,-0.94357,0.063052,0.32513,-0.088463,-0.99021,0.108,0.041485,0.10467,0.99364,-0.99522,0.092381,0.03182
0.11167,-0.86368,0.49151,0.30118,0.50075,0.8115,-0.94701,0.057415,0.31605,-0.088553,-0.99044,0.10581,0.038402,0.10276,0.99396,-0.99533,0.092082,0.028935
0.1108,-0.86546,0.48856,0.29077,0.49831,0.81678,-0.95035,0.051559,0.30687,-0.088762,-0.99064,0.10367,0.035006,0.10091,0.99428,-0.99544,0.091883,0.025721
0.11011,-0.86717,0.48569,0.28049,0.49591,0.82183,-0.95352,0.045741,0.29783,-0.088942,-0.99085,0.10147,0.031424,0.099032,0.99459,-0.99554,0.091649,0.022328
0.10949,-0.86887,0.48278,0.27043,0.49341,0.82669,-0.95649,0.040042,0.28899,-0.089043,-0.99107,0.099293,0.027571,0.097198,0.99488,-0.99565,0.091325,0.018669
0.1089,-0.87061,0.47976,0.26085,0.49075,0.83134,-0.95922,0.034615,0.28054,-0.089336,-0.99124,0.097232,0.023558,0.095492,0.99515,-0.99572,0.091194,0.014821
0.10838,-0.87263,0.4762,0.25217,0.48749,0.83592,-0.96159,0.029486,0.27289,-0.089904,-0.99143,0.094817,0.019846,0.0934,0.99543,-0.99575,0.091375,0.011279
0.10788,-0.87464,0.47262,0.24457,0.48414,0.84012,-0.96361,0.024963,0.26614,-0.090636,-0.99157,0.092603,0.016377,0.091489,0.99567,-0.99575,0.09176,0.0079463
0.1071,-0.8768,0.46877,0.23796,0.48038,0.84416,-0.96535,0.021139,0.26009,-0.091188,-0.99173,0.090259,0.012772,0.089464,0.99591,-0.99575,0.091968,0.0045085
0.10624,-0.87907,0.4647,0.23244,0.47635,0.84798,-0.96679,0.017923,0.25494,-0.091587,-0.99193,0.087705,0.0091689,0.087232,0.99615,-0.99575,0.092038,0.0011056
0.10518,-0.88135,0.46061,0.22793,0.47221,0.85151,-0.96798,0.015429,0.25056,-0.091853,-0.99213,0.085088,0.0053695,0.084954,0.99637,-0.99576,0.091976,-0.002476
0.10405,-0.88367,0.4564,0.22413,0.46792,0.85488,-0.96899,0.01334,0.24675,-0.09219,-0.99233,0.082371,0.0015802,0.082577,0.99658,-0.99574,0.092005,-0.0060446
0.10313,-0.88607,0.45193,0.22083,0.46341,0.85819,-0.96984,0.011299,0.24346,-0.092696,-0.99253,0.079267,-0.0023067,0.079823,0.99681,-0.99569,0.092217,-0.0096888
0.10237,-0.88835,0.44761,0.21806,0.45907,0.86122,-0.97055,0.0094415,0.24071,-0.093426,-0.99272,0.076056,-0.0061489,0.076964,0.99701,-0.99561,0.09268,-0.013295
0.10159,-0.89056,0.44338,0.21544,0.45481,0.86414,-0.97122,0.0077297,0.23806,-0.094183,-0.99289,0.072785,-0.010087,0.074058,0.9972,-0.9955,0.093185,-0.016991
0.10098,-0.89282,0.43896,0.21285,0.45038,0.86709,-0.97185,0.0058716,0.23552,-0.094753,-0.99308,0.069317,-0.013992,0.070952,0.99738,-0.9954,0.093535,-0.020618
0.10057,-0.89507,0.43444,0.21034,0.44591,0.87001,-0.97244,0.0038828,0.23311,-0.095453,-0.99325,0.065855,-0.017768,0.067847,0.99754,-0.99528,0.094048,-0.024124
0.1002,-0.89729,0.42991,0.20794,0.44143,0.87287,-0.973,0.0019376,0.23082,-0.096123,-0.99342,0.062315,-0.021357,0.064648,0.99768,-0.99514,0.094569,-0.027431
0.10002,-0.89951,0.4253,0.20562,0.4369,0.87569,-0.97351,-0.0001351,0.22865,-0.096593,-0.9936,0.058509,-0.0247,0.061159,0.99782,-0.99502,0.094938,-0.030449
0.099985,-0.90164,0.42077,0.20338,0.43248,0.87841,-0.97398,-0.0022517,0.22661,-0.097218,-0.99376,0.054727,-0.027691,0.057666,0.99795,-0.99488,0.095503,-0.033124
0.099869,-0.90365,0.41647,0.20118,0.42826,0.88098,-0.97445,-0.0041949,0.22457,-0.098092,-0.99386,0.051199,-0.030212,0.054398,0.99806,-0.99472,0.096356,-0.035363
0.099691,-0.90563,0.41218,0.19919,0.42403,0.88347,-0.97488,-0.0059723,0.22266,-0.098764,-0.99397,0.047728,-0.032309,0.05114,0.99817,-0.99459,0.097041,-0.037165
0.09952,-0.9076,0.40787,0.19753,0.41977,0.88588,-0.97523,-0.0075943,0.22105,-0.099342,-0.99406,0.044426,-0.034102,0.048022,0.99826,-0.99447,0.097654,-0.03867
0.099605,-0.90949,0.40362,0.19633,0.41563,0.88809,-0.97547,-0.0092163,0.21996,-0.099795,-0.99415,0.041353,-0.035553,0.045096,0.99835,-0.99437,0.09816,-0.039845
0.09989,-0.91133,0.39938,0.19543,0.41154,0.89019,-0.97562,-0.01087,0.21921,-0.10012,-0.99424,0.038344,-0.036869,0.042218,0.99843,-0.99429,0.098552,-0.040884
0.1004,-0.91311,0.39516,0.19466,0.40752,0.89221,-0.97572,-0.01266,0.21866,-0.10019,-0.99434,0.035381,-0.038005,0.039358,0.9985,-0.99424,0.098694,-0.041733
0.10112,-0.91486,0.39091,0.19394,0.40352,0.89418,-0.97579,-0.014604,0.21823,-0.10007,-0.99445,0.032399,-0.038891,0.036447,0.99858,-0.99422,0.098673,-0.042322
0.10189,-0.9166,0.38659,0.19337,0.39945,0.89613,-0.97582,-0.016553,0.21794,-0.099914,-0.99456,0.029541,-0.039564,0.033637,0.99865,-0.99421,0.09861,-0.04271
0.10281,-0.91836,0.38216,0.19309,0.39532,0.89802,-0.97578,-0.018535,0.21797,-0.099827,-0.99464,0.026802,-0.039942,0.03092,0.99872,-0.9942,0.098629,-0.042814
0.10398,-0.92007,0.37771,0.19287,0.39121,0.89987,-0.9757,-0.020717,0.21813,-0.099448,-0.99475,0.024169,-0.040089,0.028275,0.9988,-0.99423,0.098359,-0.042691
0.10529,-0.92178,0.37314,0.19279,0.38703,0.90169,-0.97558,-0.022999,0.21846,-0.098882,-0.99487,0.021537,-0.040197,0.025618,0.99886,-0.99429,0.097904,-0.042524
0.1068,-0.92349,0.36846,0.19265,0.38278,0.90353,-0.97544,-0.025509,0.21879,-0.09804,-0.99501,0.018751,-0.040386,0.022804,0.99892,-0.99436,0.097177,-0.04242
0.1082,-0.92507,0.36405,0.19267,0.37877,0.90522,-0.97528,-0.027806,0.21922,-0.097043,-0.99515,0.016178,-0.04081,0.020219,0.99896,-0.99444,0.096282,-0.042574
0.10958,-0.92656,0.35983,0.19254,0.37494,0.90684,-0.97515,-0.030092,0.21949,-0.095802,-0.99531,0.013553,-0.041426,0.01759,0.99899,-0.99454,0.095144,-0.042916
0.11094,-0.92791,0.35592,0.19218,0.3714,0.90836,-0.97507,-0.032376,0.21953,-0.094311,-0.99548,0.010805,-0.042146,0.014836,0.999,-0.99465,0.093761,-0.043355
0.1122,-0.92915,0.35226,0.19131,0.36806,0.90991,-0.97509,-0.034702,0.21906,-0.092806,-0.99565,0.0077916,-0.04327,0.011851,0.99899,-0.99474,0.092376,-0.044182
0.1136,-0.93026,0.34888,0.18985,0.36501,0.91144,-0.97522,-0.037304,0.21808,-0.091225,-0.99582,0.0044355,-0.044764,0.0085502,0.99896,-0.99482,0.090931,-0.045357
0.11516,-0.93122,0.3458,0.18772,0.36224,0.91298,-0.97545,-0.040226,0.21653,-0.089307,-0.996,0.00067159,-0.046745,0.004865,0.9989,-0.99491,0.089177,-0.046992
0.11639,-0.93202,0.3432,0.1847,0.35984,0.91455,-0.97588,-0.04306,0.21402,-0.087234,-0.99618,-0.0033082,-0.04917,0.00098891,0.99879,-0.99497,0.087292,-0.049069
0.1172,-0.93271,0.34106,0.1809,0.35773,0.91613,-0.97649,-0.04567,0.21065,-0.084999,-0.99635,-0.00739,-0.051892,-0.0029801,0.99865,-0.99503,0.085267,-0.05145
0.11784,-0.9332,0.33948,0.17658,0.35611,0.91761,-0.97721,-0.048181,0.20675,-0.08235,-0.99654,-0.011499,-0.054642,-0.0070061,0.99848,-0.9951,0.082853,-0.053876
0.11845,-0.93355,0.3383,0.17176,0.35483,0.91902,-0.97799,-0.050747,0.20238,-0.079475,-0.99671,-0.015769,-0.057339,-0.011222,0.99829,-0.99519,0.080243,-0.056259
0.11896,-0.93376,0.33754,0.16646,0.3539,0.92035,-0.97885,-0.053298,0.19753,-0.076701,-0.99685,-0.020098,-0.05984,-0.015518,0.99809,-0.99526,0.077757,-0.058461
0.1194,-0.9339,0.33701,0.16116,0.35317,0.92158,-0.97968,-0.055727,0.19267,-0.073933,-0.99696,-0.024551,-0.062264,-0.019956,0.99786,-0.99532,0.075304,-0.060599
0.11965,-0.93408,0.33642,0.15646,0.35236,0.92269,-0.98041,-0.057766,0.1883,-0.071308,-0.99703,-0.029183,-0.064766,-0.024567,0.9976,-0.99535,0.073026,-0.062821
0.11979,-0.93431,0.33574,0.15235,0.35147,0.92372,-0.98104,-0.059503,0.18445,-0.0688,-0.99705,-0.034032,-0.067215,-0.029403,0.99731,-0.99536,0.070902,-0.064994
0.1199,-0.93451,0.33513,0.14911,0.35068,0.92455,-0.98152,-0.060879,0.18139,-0.066459,-0.99704,-0.038703,-0.069184,-0.034091,0.99702,-0.99539,0.068938,-0.066713
0.11996,-0.9348,0.3343,0.14655,0.34972,0.92532,-0.9819,-0.062009,0.17895,-0.064321,-0.99699,-0.043289,-0.070766,-0.038713,0.99674,-0.99542,0.067175,-0.068063
0.1201,-0.9352,0.33313,0.14469,0.34846,0.92609,-0.98216,-0.063027,0.17716,-0.062406,-0.9969,-0.047905,-0.0721,-0.04337,0.99645,-0.99544,0.065639,-0.06917
0.12025,-0.93564,0.33183,0.14327,0.34712,0.92681,-0.98235,-0.063904,0.17579,-0.060687,-0.99678,-0.052481,-0.07336,-0.047982,0.99615,-0.99546,0.064303,-0.070212
0.1204,-0.93606,0.33061,0.14212,0.34585,0.92746,-0.9825,-0.064678,0.17467,-0.059182,-0.99663,-0.056819,-0.07459,-0.052345,0.99584,-0.99546,0.063174,-0.071241
0.12056,-0.93644,0.32947,0.14125,0.34469,0.92803,-0.98261,-0.065348,0.17383,-0.057827,-0.99647,-0.060918,-0.075879,-0.056457,0.99552,-0.99544,0.06219,-0.072346
0.12067,-0.93678,0.32847,0.14058,0.34368,0.92851,-0.98269,-0.065863,0.17316,-0.05655,-0.99631,-0.064634,-0.077348,-0.060171,0.99519,-0.9954,0.061277,-0.073659
0.12082,-0.9371,0.32748,0.13972,0.34267,0.92901,-0.98279,-0.066488,0.17234,-0.055328,-0.99614,-0.06817,-0.078828,-0.063703,0.99485,-0.99535,0.060417,-0.074999
0.12079,-0.93743,0.32654,0.13844,0.34164,0.92958,-0.98298,-0.067082,0.17105,-0.054063,-0.99597,-0.07157,-0.080234,-0.06711,0.99451,-0.99531,0.059509,-0.076283
0.12079,-0.9377,0.32577,0.13694,0.34077,0.93012,-0.98319,-0.067736,0.16957,-0.05283,-0.9958,-0.07477,-0.081471,-0.070327,0.99419,-0.99527,0.058614,-0.077414
0.12074,-0.93794,0.32509,0.13544,0.33998,0.93063,-0.9834,-0.068336,0.16809,-0.051777,-0.99562,-0.077829,-0.082495,-0.073403,0.99388,-0.99525,0.057881,-0.078334
0.12074,-0.93815,0.3245,0.13379,0.33929,0.93112,-0.98363,-0.069004,0.16648,-0.05082,-0.99544,-0.080698,-0.083325,-0.076295,0.9936,-0.99523,0.057219,-0.079068
0.12072,-0.93835,0.32392,0.13216,0.3386,0.9316,-0.98385,-0.069654,0.16489,-0.050177,-0.99523,-0.083628,-0.084089,-0.079227,0.9933,-0.99519,0.056873,-0.079713
0.12039,-0.93863,0.32323,0.13055,0.33774,0.93214,-0.9841,-0.070022,0.1632,-0.05024,-0.99498,-0.086526,-0.085139,-0.082054,0.99298,-0.9951,0.057254,-0.080589
0.11962,-0.93905,0.32231,0.12882,0.33658,0.9328,-0.98443,-0.070062,0.16123,-0.050763,-0.99469,-0.08956,-0.086573,-0.084955,0.99262,-0.99495,0.058142,-0.0818
0.11862,-0.93952,0.32131,0.12707,0.3353,0.9335,-0.98478,-0.0699,0.15916,-0.051439,-0.99437,-0.092632,-0.088251,-0.087866,0.99222,-0.99477,0.059214,-0.083235
0.11747,-0.94001,0.32028,0.12518,0.33396,0.93424,-0.98515,-0.069654,0.15691,-0.052206,-0.99405,-0.095604,-0.09033,-0.090642,0.99178,-0.99454,0.060413,-0.08506
0.11621,-0.94051,0.31929,0.12298,0.33262,0.93501,-0.98558,-0.06939,0.15431,-0.052818,-0.99375,-0.098391,-0.092812,-0.093217,0.99131,-0.99428,0.061491,-0.087308
0.11484,-0.94105,0.31818,0.12057,0.33113,0.93585,-0.98604,-0.069113,0.15149,-0.053146,-0.99345,-0.1012,-0.095741,-0.095802,0.99079,-0.99399,0.062345,-0.090022
0.11326,-0.94168,0.31687,0.11837,0.32945,0.93672,-0.98649,-0.068586,0.14879,-0.053488,-0.99313,-0.10406,-0.099121,-0.098416,0.9902,-0.99364,0.063279,-0.093176
0.11139,-0.94244,0.31527,0.11609,0.32741,0.93772,-0.98697,-0.067857,0.14588,-0.053624,-0.99281,-0.10704,-0.10292,-0.10113,0.98953,-0.99324,0.06408,-0.096762
0.1095,-0.94328,0.31341,0.11331,0.3251,0.93887,-0.98751,-0.067296,0.14248,-0.053207,-0.99249,-0.11017,-0.10686,-0.10404,0.98882,-0.99285,0.064384,-0.10052
0.108,-0.94417,0.31125,0.11054,0.32254,0.94008,-0.98799,-0.067119,0.1392,-0.052187,-0.99219,-0.11325,-0.1102,-0.10699,0.98813,-0.99254,0.064048,-0.10376
0.10692,-0.94513,0.3087,0.10784,0.31967,0.94137,-0.9884,-0.067358,0.13611,-0.050805,-0.99191,-0.11632,-0.11298,-0.11002,0.98749,-0.9923,0.063312,-0.10648
0.10608,-0.94619,0.30572,0.10533,0.31641,0.94276,-0.98876,-0.067809,0.13323,-0.049356,-0.99164,-0.11926,-0.11557,-0.11294,0.98686,-0.99207,0.062491,-0.10903
0.10525,-0.94738,0.30231,0.10277,0.31274,0.94426,-0.98912,-0.068316,0.13028,-0.047862,-0.99134,-0.12229,-0.1183,-0.11594,0.98619,-0.99182,0.061668,-0.11172
0.10432,-0.94859,0.29883,0.10004,0.30896,0.9458,-0.9895,-0.068768,0.12713,-0.046355,-0.99106,-0.12513,-0.12128,-0.11875,0.98549,-0.99153,0.060858,-0.11469
0.10331,-0.94966,0.29575,0.097199,0.30555,0.9472,-0.98989,-0.069111,0.12387,-0.044656,-0.99089,-0.12705,-0.12456,-0.12066,0.98485,-0.99121,0.059805,-0.11804
0.10254,-0.95065,0.29283,0.094183,0.30234,0.94854,-0.99026,-0.069681,0.12054,-0.042595,-0.99083,-0.12821,-0.12785,-0.12186,0.98428,-0.99088,0.058317,-0.12149
0.10215,-0.95164,0.28975,0.091103,0.299,0.94989,-0.99059,-0.07063,0.11724,-0.040624,-0.99081,-0.12905,-0.13105,-0.12276,0.98375,-0.99054,0.056875,-0.12486
0.10207,-0.95272,0.2862,0.088051,0.29522,0.95136,-0.99087,-0.071906,0.11402,-0.039539,-0.99072,-0.13004,-0.13356,-0.12374,0.98329,-0.99025,0.056246,-0.12742
0.1023,-0.95392,0.28208,0.085124,0.29092,0.95295,-0.9911,-0.073479,0.11096,-0.039613,-0.99055,-0.13128,-0.13557,-0.12484,0.98287,-0.98998,0.056732,-0.12934
0.10284,-0.95516,0.27764,0.082501,0.28635,0.95457,-0.99127,-0.075262,0.10825,-0.04053,-0.99034,-0.13264,-0.13701,-0.12599,0.98252,-0.98974,0.057995,-0.13058
0.10359,-0.95646,0.27286,0.080562,0.28151,0.95617,-0.99135,-0.077066,0.10622,-0.041546,-0.99011,-0.13397,-0.13768,-0.12713,0.98228,-0.9896,0.059254,-0.13104
0.10454,-0.95778,0.26783,0.079384,0.27648,0.95773,-0.99135,-0.078857,0.10493,-0.041843,-0.98993,-0.1352,-0.13731,-0.12834,0.98218,-0.98964,0.059662,-0.13056
0.10568,-0.95915,0.26241,0.079004,0.27116,0.95929,-0.99126,-0.080644,0.10443,-0.041134,-0.9898,-0.13639,-0.13558,-0.12971,0.98224,-0.98991,0.058896,-0.12886
0.10695,-0.96065,0.25636,0.079392,0.26527,0.9609,-0.99109,-0.082413,0.10464,-0.040049,-0.98964,-0.13789,-0.13231,-0.13153,0.98244,-0.9904,0.05759,-0.12567
0.10852,-0.96223,0.24966,0.080418,0.25882,0.96257,-0.99084,-0.084381,0.10547,-0.038906,-0.98941,-0.13987,-0.12809,-0.13388,0.98268,-0.991,0.056148,-0.12153
0.1105,-0.96387,0.24239,0.082195,0.25191,0.96425,-0.99047,-0.086623,0.10706,-0.037732,-0.98914,-0.14208,-0.12321,-0.13649,0.98295,-0.99166,0.054594,-0.11672
0.11285,-0.96546,0.23486,0.084562,0.24485,0.96587,-0.99001,-0.089137,0.10927,-0.036535,-0.98888,-0.14419,-0.11786,-0.13901,0.98325,-0.99236,0.052918,-0.11147
0.11542,-0.96697,0.22727,0.087497,0.23781,0.96736,-0.98946,-0.091765,0.11205,-0.035467,-0.98863,-0.14613,-0.1122,-0.14136,0.98358,-0.99305,0.051281,-0.10591
0.11833,-0.96831,0.21994,0.091069,0.23114,0.96865,-0.98879,-0.094589,0.11553,-0.034406,-0.98843,-0.14772,-0.10625,-0.14336,0.98395,-0.99374,0.049549,-0.10009
0.12155,-0.96946,0.21303,0.095022,0.225,0.96971,-0.98803,-0.097628,0.11947,-0.033287,-0.98827,-0.14906,-0.1002,-0.1451,0.98433,-0.99441,0.047702,-0.094197
0.12497,-0.97037,0.20678,0.098971,0.21956,0.97056,-0.98721,-0.10082,0.12348,-0.032149,-0.98813,-0.15019,-0.094108,-0.1466,0.98471,-0.99504,0.045791,-0.088278
0.12833,-0.97109,0.20131,0.10265,0.2149,0.97123,-0.98641,-0.10397,0.12726,-0.031176,-0.98803,-0.15106,-0.088195,-0.14782,0.98507,-0.99562,0.044033,-0.082531
0.13176,-0.97157,0.19672,0.10576,0.21109,0.97173,-0.98562,-0.10724,0.13056,-0.030196,-0.98797,-0.15169,-0.082364,-0.14878,0.98543,-0.99614,0.04225,-0.07688
0.13507,-0.97182,0.19317,0.10855,0.2083,0.97202,-0.98487,-0.11032,0.13363,-0.029217,-0.98796,-0.15192,-0.07624,-0.14934,0.98584,-0.99666,0.040386,-0.070959
0.13824,-0.97187,0.19067,0.11126,0.20654,0.97209,-0.98413,-0.11316,0.13668,-0.028037,-0.98802,-0.15174,-0.070032,-0.14948,0.98628,-0.99715,0.038279,-0.065003
0.14131,-0.9718,0.18878,0.11383,0.20538,0.97204,-0.9834,-0.11587,0.13964,-0.026537,-0.98811,-0.15143,-0.064089,-0.14949,0.98668,-0.99759,0.035888,-0.05936
0.14416,-0.97168,0.18722,0.11668,0.20456,0.97187,-0.98265,-0.11826,0.14287,-0.024817,-0.98819,-0.15118,-0.058544,-0.14953,0.98702,-0.99798,0.033346,-0.054142
0.14676,-0.97152,0.18602,0.11976,0.20413,0.97159,-0.9819,-0.12031,0.1463,-0.022975,-0.98826,-0.15103,-0.053666,-0.14963,0.98728,-0.99829,0.030788,-0.049598
0.14922,-0.97133,0.18508,0.12277,0.20393,0.97126,-0.98115,-0.12221,0.14968,-0.020931,-0.98833,-0.15086,-0.049798,-0.14967,0.98748,-0.99854,0.028182,-0.046084
0.15134,-0.97113,0.1844,0.12544,0.20391,0.97092,-0.98049,-0.1238,0.15268,-0.018905,-0.98842,-0.15055,-0.047152,-0.14953,0.98763,-0.99871,0.025771,-0.043779
0.15331,-0.97088,0.18407,0.12784,0.20419,0.97055,-0.97987,-0.12526,0.15542,-0.016876,-0.98853,-0.15007,-0.045634,-0.14918,0.98776,-0.99882,0.023518,-0.042593
0.15526,-0.97059,0.18399,0.13029,0.20474,0.97011,-0.97925,-0.12664,0.15824,-0.014846,-0.98865,-0.14952,-0.044796,-0.14873,0.98786,-0.99889,0.021363,-0.04208
0.15716,-0.97027,0.18405,0.13276,0.20543,0.96963,-0.97861,-0.12795,0.1611,-0.012829,-0.98877,-0.1489,-0.044589,-0.1482,0.98795,-0.99892,0.019314,-0.042187
0.15919,-0.96992,0.18416,0.13526,0.2062,0.96912,-0.97794,-0.12937,0.16402,-0.010844,-0.9889,-0.14816,-0.044741,-0.14754,0.98804,-0.99894,0.017343,-0.042645
0.16124,-0.96957,0.18422,0.13804,0.20699,0.96856,-0.97721,-0.13074,0.16721,-0.0091644,-0.98902,-0.14748,-0.044964,-0.14693,0.98812,-0.99895,0.015687,-0.043124
0.16345,-0.96918,0.18434,0.14104,0.20789,0.96793,-0.97642,-0.13221,0.17067,-0.0077793,-0.98914,-0.14676,-0.045023,-0.14627,0.98822,-0.99896,0.014295,-0.043396
0.16564,-0.96877,0.18454,0.14441,0.20894,0.96721,-0.97556,-0.13356,0.17451,-0.0068676,-0.98926,-0.14602,-0.044837,-0.14557,0.98833,-0.99897,0.013334,-0.043356
0.16754,-0.96837,0.18491,0.14807,0.21015,0.96639,-0.97468,-0.13453,0.1786,-0.0063851,-0.98937,-0.14529,-0.044314,-0.14487,0.98846,-0.999,0.01275,-0.042918
0.16923,-0.96797,0.18546,0.15191,0.21154,0.96549,-0.9738,-0.13521,0.18284,-0.0060662,-0.9895,-0.14443,-0.043522,-0.14404,0.98861,-0.99903,0.012283,-0.042191
0.17076,-0.96755,0.18623,0.15614,0.21319,0.96445,-0.97286,-0.13561,0.18748,-0.0058536,-0.98964,-0.14348,-0.042413,-0.14311,0.9888,-0.99908,0.011874,-0.041136
0.17193,-0.96717,0.18712,0.16074,0.21495,0.96331,-0.97191,-0.13554,0.19242,-0.0058774,-0.98979,-0.1424,-0.040927,-0.14205,0.98901,-0.99914,0.011641,-0.039674
0.17287,-0.96683,0.18801,0.16571,0.21671,0.96207,-0.9709,-0.13516,0.19768,-0.0057658,-0.98995,-0.14127,-0.039043,-0.14094,0.98925,-0.99922,0.01122,-0.037839
0.1736,-0.96648,0.18914,0.17096,0.21871,0.9607,-0.96987,-0.13444,0.20319,-0.0055543,-0.99015,-0.1399,-0.037029,-0.1396,0.98951,-0.9993,0.010676,-0.035889
0.17426,-0.96615,0.19026,0.17638,0.22071,0.95926,-0.96877,-0.1336,0.20887,-0.0050914,-0.99034,-0.13855,-0.034636,-0.1383,0.98978,-0.99939,0.0098384,-0.033598
0.17487,-0.96576,0.19164,0.18175,0.22295,0.95774,-0.96767,-0.13265,0.21452,-0.0044815,-0.99057,-0.13696,-0.031783,-0.13676,0.99009,-0.99948,0.0087903,-0.03087
0.17561,-0.96536,0.19299,0.18708,0.22518,0.95619,-0.96652,-0.13181,0.22014,-0.0037562,-0.99082,-0.13515,-0.028436,-0.13499,0.99044,-0.99959,0.0075635,-0.027668
0.17672,-0.96489,0.19429,0.19218,0.22743,0.95464,-0.96532,-0.13137,0.22562,-0.0028979,-0.99109,-0.13318,-0.02489,-0.13307,0.99079,-0.99969,0.0061861,-0.024283
0.17813,-0.96439,0.19548,0.19699,0.22959,0.95314,-0.96409,-0.13128,0.23087,-0.0018756,-0.99137,-0.13108,-0.021297,-0.13101,0.99115,-0.99977,0.0046507,-0.020868
0.1798,-0.96392,0.19627,0.2015,0.23138,0.95177,-0.96285,-0.13158,0.23583,-0.001019,-0.99161,-0.12923,-0.017585,-0.12919,0.99146,-0.99984,0.0032827,-0.017306
0.18158,-0.96352,0.19664,0.20592,0.23278,0.95048,-0.96157,-0.1321,0.24067,-0.00056443,-0.99184,-0.12749,-0.01382,-0.12747,0.99175,-0.9999,0.0023217,-0.013635
0.18343,-0.96313,0.19681,0.2105,0.23404,0.94917,-0.96023,-0.13268,0.24567,-0.00035534,-0.99206,-0.12579,-0.0099647,-0.12578,0.99201,-0.99995,0.0016059,-0.0098408
0.18532,-0.96281,0.19661,0.21512,0.23497,0.9479,-0.95884,-0.13337,0.25066,-0.0003418,-0.99227,-0.12413,-0.0062874,-0.12413,0.99225,-0.99998,0.0011196,-0.0061963
0.18716,-0.9626,0.19587,0.22017,0.23543,0.94662,-0.95734,-0.13405,0.256,-0.00054232,-0.99244,-0.1227,-0.0026723,-0.1227,0.99244,-1,0.00086611,-0.0025855
0.18903,-0.96253,0.19442,0.22574,0.23528,0.94535,-0.95567,-0.13481,0.26176,-0.00084377,-0.99258,-0.1216,0.0009793,-0.1216,0.99258,-1,0.00071843,0.0010746
0.19086,-0.96261,0.19221,0.23161,0.23445,0.94414,-0.9539,-0.13568,0.2677,-0.0010481,-0.99267,-0.12085,0.0042393,-0.12086,0.99266,-0.99999,0.00052807,0.0043349
0.19251,-0.96284,0.1894,0.23783,0.23304,0.94294,-0.95204,-0.13647,0.27386,-0.0012413,-0.99274,-0.12026,0.0071407,-0.12027,0.99272,-0.99997,0.00037356,0.0072382
0.19406,-0.96316,0.18616,0.24399,0.23119,0.94182,-0.95016,-0.13735,0.27987,-0.0013717,-0.9928,-0.11978,0.0097801,-0.11979,0.99275,-0.99995,0.00019026,0.0098739
0.19546,-0.96356,0.18262,0.25006,0.22902,0.94075,-0.94829,-0.13822,0.28572,-0.0013912,-0.99284,-0.11941,0.012216,-0.11942,0.99277,-0.99992,-7.752e-05,0.012295
0.19679,-0.96395,0.17908,0.2559,0.22682,0.93972,-0.94646,-0.1391,0.29131,-0.0012077,-0.99288,-0.1191,0.014468,-0.11911,0.99278,-0.99989,-0.00052414,0.014509
0.1978,-0.96437,0.17569,0.26118,0.22461,0.9388,-0.94481,-0.13981,0.2963,-0.00084915,-0.9929,-0.11892,0.016416,-0.11892,0.99277,-0.99986,-0.0011092,0.0164
0.19853,-0.9648,0.1725,0.26572,0.22239,0.93805,-0.94339,-0.14039,0.30052,-0.00028329,-0.99289,-0.11903,0.018341,-0.11901,0.99272,-0.99983,-0.0019019,0.018245
0.19909,-0.96527,0.16918,0.26962,0.21993,0.93752,-0.94216,-0.14104,0.30404,0.00045948,-0.99282,-0.11963,0.020637,-0.1196,0.99261,-0.99979,-0.0029249,0.020434
0.1996,-0.96574,0.16583,0.27292,0.21733,0.93717,-0.9411,-0.1418,0.30695,0.0014321,-0.99269,-0.12072,0.0235,-0.12065,0.99242,-0.99972,-0.0042581,0.023155
0.19996,-0.96622,0.1626,0.27585,0.21476,0.9369,-0.94017,-0.14249,0.30948,0.0022365,-0.99253,-0.12201,0.027079,-0.12191,0.99217,-0.99963,-0.0055229,0.026603
0.2001,-0.96671,0.15946,0.27857,0.21216,0.93669,-0.93934,-0.14301,0.31175,0.0027511,-0.99234,-0.12349,0.031253,-0.12334,0.99187,-0.99951,-0.0065881,0.030675
0.20031,-0.9672,0.15622,0.28122,0.2095,0.9365,-0.9385,-0.14366,0.31396,0.0032158,-0.99214,-0.12507,0.035839,-0.12488,0.99152,-0.99935,-0.007671,0.035155
0.20053,-0.96767,0.15298,0.28402,0.20686,0.93624,-0.93761,-0.1443,0.31632,0.0036521,-0.99193,-0.12677,0.04077,-0.12652,0.99113,-0.99916,-0.0087881,0.039979
0.20091,-0.9681,0.14973,0.28704,0.20431,0.93587,-0.93661,-0.14504,0.31894,0.0043864,-0.99173,-0.12826,0.046134,-0.12792,0.99071,-0.99893,-0.010263,0.045192
0.20165,-0.96845,0.14641,0.29034,0.20186,0.93539,-0.93544,-0.14612,0.32188,0.0054391,-0.99155,-0.12963,0.051842,-0.12917,0.99027,-0.99864,-0.012106,0.050702
0.20265,-0.9688,0.1427,0.29398,0.19919,0.93483,-0.93408,-0.14749,0.32517,0.0065223,-0.99133,-0.1312,0.057757,-0.13061,0.98975,-0.99831,-0.014033,0.056405
0.20388,-0.96915,0.13848,0.2982,0.19621,0.93412,-0.93247,-0.14915,0.32901,0.0075357,-0.99108,-0.13303,0.063682,-0.13229,0.98916,-0.99794,-0.015926,0.062117
0.20523,-0.96951,0.13394,0.30289,0.19305,0.93327,-0.93067,-0.15097,0.33327,0.0083661,-0.99083,-0.13485,0.069349,-0.13396,0.98856,-0.99756,-0.017622,0.067592
0.20672,-0.96984,0.12913,0.30787,0.18976,0.93231,-0.9287,-0.15297,0.33782,0.0091128,-0.9906,-0.13648,0.074721,-0.13543,0.98797,-0.99716,-0.019201,0.072785
0.20843,-0.97014,0.12406,0.31297,0.18633,0.9313,-0.92661,-0.15528,0.34247,0.0099679,-0.99036,-0.13816,0.079771,-0.13694,0.98736,-0.99676,-0.020863,0.077637
0.2102,-0.9704,0.11888,0.31801,0.18285,0.93029,-0.92449,-0.15774,0.34703,0.010915,-0.99013,-0.13973,0.08435,-0.13833,0.98679,-0.99638,-0.022557,0.082007
0.21198,-0.97064,0.11366,0.32292,0.17934,0.92928,-0.92238,-0.16029,0.35146,0.012074,-0.98992,-0.14111,0.088249,-0.13952,0.98628,-0.99603,-0.024362,0.085675
0.2136,-0.97088,0.10846,0.32745,0.17575,0.92838,-0.92041,-0.16278,0.35545,0.013262,-0.98971,-0.14246,0.091438,-0.14067,0.98582,-0.99572,-0.0261,0.088631
0.2151,-0.97109,0.10349,0.3316,0.17231,0.92755,-0.91857,-0.1652,0.35908,0.014462,-0.98953,-0.14363,0.093981,-0.14167,0.98544,-0.99547,-0.02775,0.090947
0.21638,-0.97129,0.09885,0.33538,0.16904,0.92679,-0.9169,-0.16739,0.36233,0.015575,-0.98936,-0.14462,0.095838,-0.14249,0.98515,-0.99528,-0.029204,0.092599
0.21761,-0.97145,0.094504,0.33884,0.16599,0.92609,-0.91533,-0.16951,0.36529,0.016503,-0.98923,-0.14544,0.096786,-0.1432,0.98495,-0.99517,-0.030331,0.093381
0.21878,-0.97158,0.090385,0.34207,0.16312,0.92541,-0.91385,-0.17154,0.36803,0.017476,-0.98909,-0.14631,0.096934,-0.14396,0.98482,-0.99514,-0.031393,0.09336
0.21981,-0.97171,0.08636,0.34523,0.16028,0.92473,-0.91242,-0.17345,0.37069,0.018372,-0.98892,-0.1473,0.096549,-0.14488,0.98473,-0.99516,-0.032313,0.092818
0.22082,-0.97184,0.082264,0.34846,0.15739,0.92402,-0.91094,-0.17537,0.3734,0.01906,-0.98875,-0.14836,0.095799,-0.1459,0.98465,-0.99522,-0.032981,0.09194
0.22181,-0.97195,0.078211,0.35176,0.15457,0.92324,-0.90943,-0.17727,0.37618,0.019426,-0.98857,-0.1495,0.09484,-0.14703,0.98457,-0.9953,-0.033305,0.0909
0.22265,-0.97206,0.074267,0.35511,0.15181,0.92241,-0.90792,-0.17901,0.37899,0.019312,-0.98843,-0.15044,0.09372,-0.14802,0.98453,-0.99541,-0.033113,0.089777
0.22354,-0.97214,0.070501,0.3583,0.14923,0.9216,-0.90645,-0.18075,0.38168,0.018891,-0.98829,-0.1514,0.092429,-0.14905,0.9845,-0.99554,-0.032592,0.088531
0.22447,-0.97218,0.06686,0.36131,0.14675,0.92083,-0.90502,-0.18254,0.3842,0.018405,-0.98816,-0.15232,0.091178,-0.15005,0.98446,-0.99566,-0.032008,0.087337
0.22524,-0.97224,0.063378,0.36382,0.14427,0.92023,-0.90383,-0.18421,0.38622,0.017793,-0.98803,-0.15322,0.090001,-0.15104,0.98442,-0.99578,-0.031306,0.086236
0.2259,-0.97229,0.060175,0.36565,0.14189,0.91987,-0.90292,-0.18579,0.38757,0.017182,-0.98791,-0.15405,0.088701,-0.15196,0.9844,-0.99591,-0.030578,0.085018
0.22631,-0.97238,0.057164,0.36686,0.13946,0.91976,-0.90233,-0.18719,0.38829,0.016535,-0.98781,-0.15477,0.087224,-0.15277,0.9844,-0.99605,-0.029776,0.083635
0.22636,-0.97253,0.054289,0.36737,0.13686,0.91995,-0.90211,-0.18829,0.38826,0.01567,-0.9877,-0.15558,0.085593,-0.1537,0.9844,-0.99621,-0.028742,0.082132
0.22599,-0.97277,0.051424,0.36733,0.13399,0.92039,-0.90222,-0.18911,0.38761,0.014666,-0.98757,-0.15651,0.08394,-0.15476,0.98438,-0.99636,-0.027574,0.080626
0.2253,-0.97308,0.048523,0.36689,0.13087,0.92101,-0.90257,-0.1897,0.38649,0.013773,-0.9874,-0.15761,0.08239,-0.15597,0.98432,-0.99651,-0.026542,0.079204
0.2241,-0.97349,0.045866,0.36612,0.12771,0.92176,-0.90318,-0.18977,0.38503,0.01287,-0.98728,-0.1585,0.080822,-0.15697,0.98429,-0.99665,-0.025478,0.077774
0.22246,-0.97397,0.043559,0.36577,0.12479,0.9223,-0.90373,-0.18924,0.38401,0.011933,-0.98722,-0.15892,0.079845,-0.15748,0.98429,-0.99674,-0.024434,0.076945
0.22046,-0.97452,0.041422,0.36575,0.12196,0.92269,-0.90423,-0.18826,0.38332,0.010978,-0.98722,-0.159,0.079452,-0.15764,0.98429,-0.99678,-0.023439,0.076706
0.21801,-0.97516,0.039232,0.36611,0.11898,0.92294,-0.90468,-0.18684,0.38295,0.0098926,-0.98724,-0.15892,0.079738,-0.15764,0.98427,-0.99677,-0.022409,0.077162
0.21542,-0.97582,0.037022,0.36679,0.11599,0.92305,-0.90502,-0.18526,0.3829,0.008955,-0.98726,-0.15885,0.080567,-0.15762,0.98421,-0.99671,-0.021611,0.078129
0.21242,-0.97656,0.034705,0.36787,0.11282,0.92301,-0.90529,-0.1833,0.38321,0.007895,-0.9873,-0.15866,0.082015,-0.15749,0.98411,-0.9966,-0.020782,0.07973
0.20916,-0.97734,0.032588,0.36923,0.10979,0.92283,-0.9055,-0.18099,0.38382,0.0065057,-0.98738,-0.15825,0.083864,-0.15716,0.98401,-0.99646,-0.019673,0.081783
0.20595,-0.97809,0.030373,0.37057,0.10668,0.92266,-0.90568,-0.17876,0.38442,0.0048871,-0.98744,-0.1579,0.085786,-0.15691,0.98388,-0.9963,-0.018354,0.083942
0.203,-0.97877,0.028121,0.37163,0.10358,0.92259,-0.90592,-0.17683,0.38477,0.0032531,-0.98749,-0.15762,0.08753,-0.15673,0.98375,-0.99616,-0.016997,0.085925
0.20033,-0.97939,0.025919,0.37241,0.10059,0.9226,-0.90619,-0.17517,0.38488,0.0015514,-0.98753,-0.15741,0.089234,-0.15665,0.98362,-0.99601,-0.015573,0.087879
0.19794,-0.97993,0.023728,0.37292,0.097669,0.92271,-0.90651,-0.17379,0.38476,-0.00014019,-0.98755,-0.15729,0.09079,-0.15665,0.98347,-0.99587,-0.014142,0.089682
0.19596,-0.98037,0.021587,0.37315,0.094908,0.92291,-0.90684,-0.1728,0.38442,-0.0016588,-0.98756,-0.15726,0.092124,-0.15674,0.98333,-0.99575,-0.012856,0.091237
0.19418,-0.98077,0.019658,0.37313,0.092378,0.92317,-0.90723,-0.17192,0.38389,-0.0030912,-0.98757,-0.15717,0.092971,-0.15678,0.98325,-0.99566,-0.011573,0.0923
0.19287,-0.98106,0.017859,0.37277,0.090095,0.92354,-0.90766,-0.17146,0.38309,-0.0041804,-0.98755,-0.15724,0.093518,-0.15694,0.98317,-0.99561,-0.010595,0.09301
0.19186,-0.98129,0.016145,0.37212,0.087961,0.92401,-0.90814,-0.17127,0.38204,-0.0048641,-0.98751,-0.15746,0.093595,-0.15722,0.98312,-0.9956,-0.0099559,0.093191
0.19121,-0.98144,0.014614,0.37109,0.086067,0.9246,-0.9087,-0.17137,0.38066,-0.0049644,-0.98748,-0.15769,0.093269,-0.15746,0.98311,-0.99563,-0.0098268,0.092882
0.19102,-0.98149,0.013534,0.36972,0.084715,0.92527,-0.9093,-0.17174,0.37906,-0.0046403,-0.98745,-0.15787,0.092507,-0.15762,0.98316,-0.9957,-0.010042,0.092077
0.19106,-0.9815,0.012688,0.36816,0.083637,0.92599,-0.90992,-0.17225,0.37732,-0.0038903,-0.98743,-0.158,0.091367,-0.15769,0.98325,-0.99581,-0.010611,0.090832
0.19141,-0.98143,0.012337,0.36618,0.083067,0.92683,-0.91065,-0.17289,0.37528,-0.0028496,-0.98743,-0.15802,0.089793,-0.15764,0.98341,-0.99596,-0.011387,0.089114
0.19199,-0.98132,0.012438,0.36379,0.082934,0.92778,-0.91148,-0.1736,0.37291,-0.0017856,-0.98746,-0.15787,0.087691,-0.15741,0.98363,-0.99615,-0.012087,0.086873
0.19271,-0.98117,0.012816,0.36106,0.083046,0.92884,-0.91242,-0.17437,0.37026,-0.00063018,-0.98749,-0.1577,0.084865,-0.15718,0.98392,-0.99639,-0.012763,0.083902
0.19357,-0.981,0.013287,0.35811,0.083257,0.92996,-0.91339,-0.17525,0.36742,0.00061166,-0.98751,-0.15756,0.081457,-0.15699,0.98424,-0.99668,-0.013437,0.080344
0.19447,-0.98081,0.013742,0.35497,0.083428,0.93115,-0.91443,-0.1762,0.36438,0.0019175,-0.98748,-0.15772,0.077619,-0.15709,0.98453,-0.99698,-0.01413,0.076347
0.19528,-0.98065,0.014016,0.35199,0.083419,0.93228,-0.91541,-0.17712,0.36147,0.0031141,-0.98743,-0.15803,0.073553,-0.15738,0.9848,-0.99729,-0.014691,0.072139
0.19581,-0.98054,0.014422,0.34908,0.083437,0.93337,-0.91641,-0.17773,0.35862,0.0041075,-0.98737,-0.15836,0.069446,-0.1577,0.98504,-0.99758,-0.015044,0.067922
0.19617,-0.98045,0.0151,0.34638,0.083694,0.93435,-0.91735,-0.17806,0.35603,0.0049689,-0.98735,-0.15846,0.065685,-0.1578,0.98528,-0.99783,-0.015304,0.06407
0.19617,-0.98045,0.015641,0.34388,0.083724,0.93527,-0.91829,-0.17809,0.35358,0.0052675,-0.98735,-0.1585,0.062279,-0.15787,0.98549,-0.99804,-0.015062,0.06066
0.19582,-0.98051,0.016179,0.34155,0.083661,0.93613,-0.91924,-0.17779,0.35128,0.0050829,-0.98735,-0.15849,0.059592,-0.15791,0.98565,-0.99821,-0.014454,0.058036
0.19518,-0.98062,0.016707,0.33941,0.083518,0.93692,-0.92017,-0.1772,0.34913,0.0046367,-0.98734,-0.15857,0.05773,-0.15804,0.98574,-0.99832,-0.013725,0.056266
