-0.980793544,-0.19501493,-0.003633446,0.094695642,-0.492375584,0.865216169,-0.170519091,0.848254361,0.501385858-0.981531318,-0.190945736,-0.011661804,0.085052543,-0.490180613,0.867461257,-0.171354419,0.850448524,0.497368043-0.982347246,-0.185565847,-0.023647526,0.071595371,-0.489742009,0.86892282,-0.172823586,0.851890886,0.494382369-0.982649785,-0.183054097,-0.029842888,0.064653008,-0.488888283,0.86994726,-0.173837248,0.852924056,0.492240964-0.982795884,-0.181706302,-0.033091852,0.061169267,-0.489284287,0.869976556,-0.174271546,0.852985173,0.491981425-0.983216369,-0.178591153,-0.037293044,0.056121169,-0.490557722,0.869599641,-0.173597193,0.852911673,0.492347127-0.983682001,-0.174435392,-0.044068303,0.048530043,-0.493112828,0.868610715,-0.173247096,0.852298089,0.49353157-0.98409241,-0.169614684,-0.052848732,0.038575426,-0.494384809,0.868386778,-0.173418759,0.852534175,0.493063297-0.98496145,-0.164285052,-0.05349172,0.033729346,-0.486485901,0.873037112,-0.169449915,0.858103659,0.484711085-0.98546512,-0.159322021,-0.05894905,0.025945147,-0.484093399,0.874631597,-0.16788492,0.86038949,0.481190793-0.985653632,-0.154382173,-0.068213366,0.015296982,-0.484201778,0.874822634,-0.168086052,0.861228647,0.479616822-0.985763126,-0.149649641,-0.076655366,0.005613163,-0.48493752,0.874530785,-0.168046281,0.861649921,0.478873533-0.985973993,-0.144936494,-0.082756856,-0.001834151,-0.486410314,0.873728586,-0.166888946,0.861625452,0.479322084-0.986164265,-0.13951797,-0.089525296,-0.01012904,-0.488330472,0.872599996,-0.16546131,0.861433739,0.480160878-0.986213263,-0.132978116,-0.098489701,-0.020749335,-0.491108113,0.870851472,-0.16417328,0.860888868,0.481578127-0.98625191,-0.126498969,-0.106325824,-0.030193585,-0.494649858,0.868567709,-0.162466973,0.85983692,0.48402991-0.986373649,-0.120482222,-0.112031506,-0.037714222,-0.497235805,0.866795358,-0.160139507,0.859209281,0.485916402-0.987294851,-0.113918676,-0.110776408,-0.041304485,-0.48919383,0.871196497,-0.153436687,0.864703378,0.478273197-0.986414552,-0.108090044,-0.123704784,-0.054418058,-0.495513965,0.866893642,-0.15500002,0.861848277,0.482900135-0.983339404,-0.102098738,-0.150397687,-0.078659164,-0.50690076,0.858408036,-0.163879079,0.855936602,0.49042449-0.981781021,-0.097243818,-0.163247253,-0.091519068,-0.510914333,0.854746047,-0.166524131,0.854113683,0.492706333-0.980528155,-0.093637268,-0.172616916,-0.100695332,-0.514915428,0.85130638,-0.168597117,0.852111591,0.495460239-0.979613644,-0.090804521,-0.179197229,-0.107185998,-0.518180032,0.848528501,-0.16990665,0.850437531,0.497883256-0.978682234,-0.08809006,-0.185529582,-0.113185052,-0.522453517,0.845122161,-0.171377444,0.84810522,0.501345497-0.977301841,-0.085183736,-0.193971241,-0.12090549,-0.527578863,0.840858137,-0.173962565,0.845224393,0.505304612-0.975543095,-0.080875911,-0.20438874,-0.131326752,-0.531192918,0.837010972,-0.176263876,0.843381984,0.507580413-0.973598456,-0.076300445,-0.215137837,-0.142521504,-0.533016837,0.834014791,-0.178307789,0.842657281,0.508069916-0.97237533,-0.073583115,-0.221521427,-0.148815216,-0.535718669,0.831179607,-0.179833948,0.841184304,0.50996933-0.971985008,-0.073901931,-0.223122496,-0.149999085,-0.53580994,0.830907926,-0.180956952,0.841098218,0.509714007-0.972060805,-0.075549849,-0.222238636,-0.148720694,-0.534276925,0.832123982,-0.181603816,0.841926593,0.508113832-0.970531008,-0.073391636,-0.229528278,-0.15658976,-0.53190873,0.832197543,-0.183164434,0.843615298,0.504741537-0.967107082,-0.067076249,-0.245366398,-0.173821502,-0.529989436,0.829998364,-0.185714776,0.845347251,0.500897242-0.960914047,-0.056816166,-0.270954089,-0.200807966,-0.530698482,0.823428978,-0.190579001,0.845654211,0.498546487-0.95454182,-0.048585349,-0.294090765,-0.22418654,-0.533206728,0.81573953,-0.196444164,0.844588687,0.498075939-0.948402737,-0.043226961,-0.314107749,-0.243163185,-0.536600323,0.808041929,-0.203479517,0.842728618,0.49840201-0.942845355,-0.040527548,-0.330756943,-0.258061984,-0.539167267,0.801687389,-0.210823741,0.841223024,0.497892734-0.937854506,-0.040043642,-0.34471065,-0.269785466,-0.540654898,0.796811197,-0.218276724,0.840290895,0.49625244-0.93243989,-0.039960098,-0.359108677,-0.281896828,-0.54127119,0.792186643,-0.226031037,0.839898023,0.493438224-0.926884702,-0.040535215,-0.373150969,-0.293236439,-0.542375708,0.787299805,-0.234301388,0.839157606,0.490833344-0.920643546,-0.041559149,-0.388185906,-0.30474594,-0.544989871,0.781099195,-0.244019205,0.837412012,0.489076426-0.911863383,-0.039154935,-0.408622151,-0.322442134,-0.547721166,0.772031473,-0.254039843,0.835744229,0.486821674-0.90351908,-0.03648223,-0.426992176,-0.338740139,-0.549521939,0.763728196,-0.262504076,0.834682386,0.484145562-0.896998947,-0.035570905,-0.440599137,-0.349021139,-0.554660615,0.755338233,-0.271251053,0.831316012,0.48511499-0.890139909,-0.034524209,-0.45437762,-0.357606739,-0.565089936,0.743499014,-0.282432936,0.824306644,0.490663014-0.883554638,-0.033781939,-0.467108105,-0.364429446,-0.576848286,0.731052142,-0.294146869,0.816152459,0.497365845-0.879113254,-0.03494367,-0.475330228,-0.366572565,-0.587811715,0.721180936,-0.304605385,0.808242741,0.503943679-0.873598518,-0.035913362,-0.485320368,-0.369929287,-0.598958597,0.710211885,-0.316192903,0.799974268,0.509963938-0.865184513,-0.033724078,-0.500318345,-0.379512666,-0.608101162,0.697268322,-0.327758898,0.793142902,0.513320993-0.857133741,-0.032504044,-0.514067348,-0.389593729,-0.611948363,0.688284772,-0.33695471,0.790229516,0.511858217-0.845584793,-0.02901682,-0.533051951,-0.405840337,-0.613756146,0.677197914,-0.346814041,0.788962241,0.507206667-0.828564041,-0.02125291,-0.55949079,-0.430492681,-0.614747502,0.660879384,-0.357991175,0.788437584,0.500208452-0.815320622,-0.016272558,-0.578781035,-0.447186902,-0.617272879,0.647300601,-0.367799072,0.786580827,0.495998433-0.810619849,-0.020295401,-0.585220947,-0.44617424,-0.625845535,0.63972331,-0.379241357,0.779682925,0.498267529-0.814010903,-0.031593347,-0.579989751,-0.429377109,-0.639734956,0.637475086,-0.391179689,0.767945992,0.507185769-0.82898344,-0.053155359,-0.55674138,-0.391676868,-0.655407038,0.645779255,-0.399218847,0.753403028,0.522501856-0.852332778,-0.085234444,-0.516007679,-0.339435286,-0.66045108,0.669767167,-0.397885061,0.746015724,0.533992526-0.874925466,-0.121732234,-0.46870747,-0.283765706,-0.655424845,0.699925208,-0.39240598,0.745385495,0.538904454-0.895504562,-0.162750601,-0.414226775,-0.221929712,-0.643461903,0.732600835,-0.385770375,0.747976618,0.540103875-0.909898436,-0.201855447,-0.362407525,-0.164090232,-0.627238931,0.761344678,-0.380997679,0.752213867,0.537601215-0.919097387,-0.236626977,-0.315067719,-0.112299728,-0.609134466,0.785075775,-0.377688714,0.756943113,0.533280751-0.924473319,-0.266299686,-0.272825144,-0.067223775,-0.590539502,0.804203992,-0.375273295,0.76180547,0.528036343-0.927776547,-0.292415486,-0.231784087,-0.023546175,-0.574059491,0.818474971,-0.372392612,0.764819511,0.525713666-0.929444247,-0.316348426,-0.189886978,0.019018323,-0.555043683,0.831603759,-0.368472108,0.769317998,0.521898575-0.930015395,-0.333028249,-0.155446295,0.053032119,-0.540136665,0.839904743,-0.363674249,0.772880695,0.519996607-0.930258929,-0.340238725,-0.137316913,0.072317905,-0.536948246,0.840509787,-0.359706054,0.771961263,0.524106252-0.930367838,-0.34133261,-0.133819789,0.079051874,-0.54318101,0.835885872,-0.358003475,0.767102626,0.532341125-0.930620783,-0.339081871,-0.137725973,0.079250501,-0.554091102,0.828675093,-0.357301437,0.760267411,0.542521103-0.931224483,-0.336159549,-0.140775426,0.078850145,-0.562961736,0.822713035,-0.355814021,0.755030358,0.550749981-0.931634333,-0.333199655,-0.145036061,0.07854413,-0.574307196,0.814863218,-0.354807397,0.74776282,0.561215178-0.932000377,-0.329601196,-0.150792406,0.076735855,-0.586025442,0.806650972,-0.354241311,0.740227825,0.571468162-0.93247369,-0.324973842,-0.157749231,0.072283414,-0.595714979,0.79993673,-0.353932092,0.734517302,0.578978763-0.933327804,-0.320332874,-0.162129763,0.06758807,-0.600276185,0.796931838,-0.352606101,0.732840605,0.581905134-0.933799704,-0.316208641,-0.167422245,0.062197027,-0.604260427,0.794355629,-0.352348751,0.731355886,0.583925446-0.933905928,-0.312593173,-0.173508576,0.058028707,-0.611411911,0.789181946,-0.352778099,0.726953219,0.589140586-0.934185141,-0.309768618,-0.177035376,0.055637,-0.616598352,0.785309491,-0.352423957,0.723774741,0.593251615-0.934770024,-0.308261889,-0.17657749,0.056902564,-0.620550181,0.782099464,-0.350666651,0.721035423,0.5976126-0.935563266,-0.307568189,-0.173560322,0.060728975,-0.624240291,0.778868442,-0.347898502,0.718140563,0.602694586-0.935521863,-0.307414684,-0.17405475,0.062508329,-0.628971123,0.774911631,-0.347694626,0.714066901,0.607632215-0.933853338,-0.307007674,-0.183478149,0.059419148,-0.63904737,0.766868844,-0.352685849,0.705240914,0.615018654-0.931353657,-0.30591447,-0.197475827,0.053576561,-0.651575977,0.756689037,-0.360152631,0.694165026,0.623237514-0.928749395,-0.306063868,-0.20916374,0.050025891,-0.662542729,0.747351686,-0.367317263,0.683638823,0.630647277-0.926339808,-0.307604392,-0.217426075,0.043807978,-0.661259761,0.748876752,-0.374132892,0.68418935,0.626026766-0.925274373,-0.306728599,-0.223125305,0.041665526,-0.66689176,0.74398882,-0.377003076,0.679097156,0.629837863-0.923977355,-0.305640044,-0.229891303,0.042639507,-0.679685095,0.732263644,-0.380062784,0.666792573,0.641045978-0.92214762,-0.304813419,-0.238185948,0.041219428,-0.68964403,0.72297446,-0.384635834,0.656871289,0.648517836-0.922137954,-0.303859671,-0.239438707,0.042452642,-0.694669791,0.718074964,-0.384524859,0.651999373,0.653481026-0.92246979,-0.304487931,-0.237353295,0.045583654,-0.696395692,0.716208888,-0.383368775,0.649861632,0.65628366-0.922407013,-0.305755204,-0.235964102,0.047607277,-0.696311982,0.716158621,-0.383273856,0.649356127,0.656839228-0.921504434,-0.306457687,-0.238565011,0.046626103,-0.697132152,0.715424887,-0.385558796,0.648143848,0.656699297-0.921504869,-0.308420962,-0.236019673,0.048400677,-0.694188566,0.718164054,-0.385339007,0.650368161,0.654625927-0.922023269,-0.311589803,-0.229749617,0.050798563,-0.685707019,0.726102878,-0.383787177,0.657812799,0.648066142-0.920425989,-0.313015474,-0.234173678,0.043329376,-0.677035778,0.734673479,-0.388508126,0.666065965,0.63672409-0.917904012,-0.31275785,-0.244202275,0.030241464,-0.6687744,0.74285009,-0.395648427,0.674480044,0.62332896-0.9144856,-0.312038084,-0.25758168,0.01288054,-0.658731811,0.752267567,-0.404413377,0.684620066,0.606419974-0.911470724,-0.312253299,-0.267804025,-0.005501255,-0.641702567,0.766933864,-0.41132816,0.700511023,0.583175318-0.908744106,-0.313098296,-0.27595943,-0.023569418,-0.621656909,0.782934972,-0.416687692,0.717991744,0.557547507-0.905638496,-0.313295749,-0.285770341,-0.040242426,-0.607367031,0.793401435,-0.42213678,0.730034975,0.537447183-0.902437559,-0.312358158,-0.296713385,-0.05530291,-0.59902931,0.798815044,-0.42725641,0.737289812,0.523312233-0.899368823,-0.310823442,-0.307448381,-0.067879486,-0.595431374,0.800533481,-0.431888984,0.740844293,0.514413879-0.897556184,-0.311654987,-0.311871873,-0.076245158,-0.586980314,0.806002969,-0.434257495,0.74721167,0.503085628-0.89673283,-0.314907071,-0.310972296,-0.081146357,-0.573746471,0.815003224,-0.435069536,0.756074416,0.488943735-0.895611513,-0.31896094,-0.310070856,-0.085276628,-0.561007857,0.823406389,-0.436586663,0.763894039,0.475245182-0.894844247,-0.32313787,-0.30795404,-0.087369605,-0.549759168,0.830741481,-0.43774459,0.770290058,0.463716401-0.89556323,-0.330168078,-0.298254155,-0.083953169,-0.53289812,0.842004429,-0.436942063,0.779107588,0.449525305-0.897606189,-0.339967734,-0.28057988,-0.07388327,-0.511486514,0.85610911,-0.434562299,0.789178995,0.433995532-0.899271285,-0.351794929,-0.259906683,-0.058763041,-0.491660202,0.868802136,-0.433425958,0.79656172,0.421463362-0.89980596,-0.36138563,-0.244437436,-0.047095064,-0.476536294,0.877892485,-0.433741039,0.801444688,0.411770718-0.899643177,-0.368232771,-0.234620501,-0.041480327,-0.462838476,0.885471585,-0.434651051,0.806340605,0.401115061-0.898786875,-0.373954719,-0.228779416,-0.039756083,-0.450188252,0.8920482,-0.436579439,0.810856588,0.389756318-0.897414757,-0.378280413,-0.227047756,-0.041299419,-0.440340106,0.896880677,-0.439250626,0.814250895,0.379544947-0.896808498,-0.381502938,-0.224031306,-0.042597579,-0.429566909,0.902029776,-0.440363445,0.81849116,0.368988153-0.896167072,-0.383573689,-0.223060091,-0.045286044,-0.42101708,0.905921516,-0.441399766,0.821958542,0.359931109-0.894934153,-0.385022174,-0.225501191,-0.050732734,-0.41430307,0.908723916,-0.443304694,0.82468836,0.351240739-0.893588939,-0.386006721,-0.229123591,-0.057372364,-0.408029075,0.911164467,-0.445204695,0.827351851,0.34246415-0.892513955,-0.386900386,-0.231790708,-0.062953036,-0.40202891,0.913460273,-0.446604698,0.82986797,0.334459858-0.89171673,-0.387040024,-0.23460881,-0.068024306,-0.397864764,0.914918752,-0.447452754,0.831807459,0.328454537-0.892109703,-0.386303796,-0.234328092,-0.068767021,-0.396499526,0.915455746,-0.446555007,0.832800998,0.327156114-0.893567405,-0.385736515,-0.229661997,-0.064659448,-0.395658807,0.916118587,-0.444248183,0.833463526,0.328606303-0.895511385,-0.385419963,-0.222510248,-0.057250737,-0.396057419,0.916439236,-0.441340811,0.833420646,0.332608351-0.897830669,-0.384777648,-0.21411738,-0.048199209,-0.397457069,0.916354034,-0.437695016,0.833051043,0.338303167-0.900032817,-0.383456289,-0.207128469,-0.040047923,-0.400481218,0.915429384,-0.433978216,0.832211553,0.345089611-0.902986746,-0.382113915,-0.196478731,-0.026277585,-0.407311347,0.912911252,-0.428864109,0.829509748,0.357755717-0.907065284,-0.379838168,-0.181536598,-0.008331128,-0.414933518,0.90981359,-0.420907547,0.826772727,0.373207309-0.910875164,-0.380251731,-0.160359147,0.013831286,-0.416489165,0.909035462,-0.412450155,0.825799853,0.384629007-0.913165553,-0.384838493,-0.134268414,0.039291183,-0.411001854,0.910787395,-0.405690615,0.826424111,0.390433495-0.915124924,-0.388634646,-0.10728227,0.066535052,-0.408025825,0.910542702,-0.397642378,0.82612229,0.399252429-0.917077514,-0.389210522,-0.086510133,0.088435484,-0.410137162,0.9077261,-0.38877757,0.82480463,0.41054759-0.919041189,-0.388238537,-0.068074455,0.108061927,-0.414264688,0.903718645,-0.379059247,0.823198401,0.422680116-0.921851516,-0.384141322,-0.05123697,0.124247566,-0.418184854,0.899824411,-0.367086264,0.823138428,0.433232966-0.925601728,-0.377523862,-0.027150971,0.145414971,-0.420917615,0.895367437,-0.349450895,0.824805489,0.444499693-0.92925665,-0.369279523,-0.010710395,0.161149705,-0.431264732,0.887717018,-0.332434732,0.823190965,0.460264906-0.933338645,-0.358888692,-0.008824948,0.165040325,-0.450780859,0.877244725,-0.31881133,0.817309931,0.479962303-0.936903578,-0.349520003,0.006888627,0.17926912,-0.463435209,0.867807807,-0.300123755,0.814287157,0.496852248-0.939229549,-0.341240085,0.037457416,0.205463124,-0.471372038,0.857667364,-0.275014106,0.813242649,0.512838801-0.940344796,-0.33332823,0.068146571,0.231453329,-0.479944903,0.84621643,-0.249361225,0.811507968,0.52846362-0.943703817,-0.323043837,0.071174329,0.235853972,-0.506234487,0.82951766,-0.231939668,0.79960573,0.55392659-0.945926499,-0.318125227,0.063398732,0.235272257,-0.538293638,0.809250842,-0.223315974,0.780407778,0.584032256-0.945053265,-0.318856879,0.07214303,0.249960474,-0.562546756,0.788074177,-0.210699045,0.76280498,0.611338266-0.941750436,-0.321601951,0.098378361,0.280157121,-0.588355668,0.758518025,-0.18605941,0.741896079,0.644183284-0.936835409,-0.323172769,0.133786313,0.315458481,-0.615464679,0.722280538,-0.151080651,0.71886201,0.678536696-0.932217754,-0.326960348,0.15513539,0.339885114,-0.643769316,0.685594032,-0.12429066,0.691851139,0.711262141-0.94005528,-0.315167149,0.130252596,0.320749035,-0.687408223,0.651605702,-0.115828006,0.654323775,0.747291289-0.950888069,-0.289488181,0.109583175,0.294760288,-0.738785904,0.606062505,-0.094489427,0.608598373,0.787832322-0.95892736,-0.267191735,0.095220246,0.275121488,-0.794410701,0.541497743,-0.069039739,0.545454137,0.835292344-0.967347116,-0.24472918,0.065933187,0.246152505,-0.845135312,0.474505268,-0.060402821,0.475240922,0.877779907-0.974995998,-0.21943523,0.035085363,0.214210409,-0.886043041,0.411146727,-0.059132935,0.408382064,0.910893729-0.980822551,-0.194902849,5.91E-05,0.1839638,-0.925672976,0.330585635,-0.064377357,0.324256721,0.943775998-0.984674233,-0.173384432,-0.018827999,0.163186027,-0.954047573,0.251323593,-0.061538405,0.2443994,0.967719979-0.987680457,-0.154920793,-0.022064987,0.148273895,-0.971582533,0.184505374,-0.050021675,0.178960691,0.982583789-0.989767767,-0.142360523,-0.00965658,0.139891543,-0.981479562,0.13087485,-0.028109148,0.128184834,0.991351867-0.990651209,-0.136374879,0.003474902,0.136150428,-0.986781043,0.087899,-0.008558248,0.08755036,0.996123331-0.990120887,-0.139372917,0.01535639,0.139985813,-0.988824622,0.051281954,0.008037461,0.05292501,0.998566143-0.98788236,-0.151612575,0.033197438,0.152241445,-0.98819191,0.017300069,0.030182532,0.022144459,0.999299073-0.98374142,-0.170844589,0.055361948,0.170167797,-0.985272706,-0.016751574,0.057408533,-0.007058396,0.998325818-0.974191687,-0.206000241,0.092273822,0.20273513,-0.978264122,-0.04356346,0.099242252,-0.023732015,0.994780261-0.954877383,-0.257293607,0.148354923,0.2520645,-0.96623817,-0.053359968,0.157075368,-0.013557217,0.98749356-0.928029246,-0.312999657,0.201972607,0.306033876,-0.949752845,-0.065671914,0.212379345,0.000865003,0.977186914-0.900033956,-0.364366745,0.239114517,0.354920327,-0.931200549,-0.083048774,0.252923781,0.010119886,0.967433279-0.88413084,-0.400105954,0.241304544,0.384551456,-0.916455357,-0.110588234,0.265391853,-0.004980454,0.964127771-0.885034018,-0.415532613,0.209874804,0.390288777,-0.908053822,-0.152029365,0.253750777,-0.052639379,0.965836238-0.891656749,-0.418197408,0.173375805,0.382807539,-0.900935172,-0.204387386,0.241674636,-0.115873827,0.963414047-0.902796646,-0.405338168,0.143733034,0.358194674,-0.893654497,-0.270329828,0.238022669,-0.192568455,0.951978256-0.921381014,-0.373174429,0.108618011,0.319526987,-0.886410396,-0.334931509,0.221268009,-0.273893147,0.93596101-0.939060548,-0.335508439,0.074828973,0.282549948,-0.877340301,-0.387865342,0.195782569,-0.343086118,0.918673555-0.946938895,-0.31491562,0.06430305,0.261638092,-0.871449399,-0.414875227,0.186687544,-0.376037362,0.907603252-0.951276203,-0.302091492,0.061760155,0.248363935,-0.869412491,-0.427126768,0.182726413,-0.390976535,0.902080045-0.95402679,-0.293542405,0.060545364,0.23984513,-0.868841434,-0.433115315,0.179742033,-0.398682103,0.89930272-0.956027333,-0.288012828,0.055320433,0.236365472,-0.868339583,-0.436024921,0.173617693,-0.403775902,0.898232663-0.957257059,-0.284818139,0.050374101,0.236277137,-0.870480544,-0.431783206,0.166829364,-0.401425274,0.90056966-0.958461342,-0.280687081,0.050661803,0.234765655,-0.877233542,-0.418743836,0.161978218,-0.389456127,0.906690125-0.960905564,-0.272468084,0.049210159,0.231296576,-0.887635227,-0.398253182,0.152191952,-0.371301557,0.915954564-0.965670872,-0.256450124,0.041389615,0.224356556,-0.903684731,-0.364716386,0.130934725,-0.342909959,0.930198289-0.972930168,-0.229697472,0.025415727,0.209989991,-0.924617522,-0.317783955,0.096493998,-0.303844548,0.947822451-0.979632859,-0.200673287,0.007049297,0.191640026,-0.944862676,-0.2655346,0.059946318,-0.258775492,0.964075559-0.984796773,-0.173424917,-0.00995564,0.171628258,-0.962546164,-0.209877637,0.026815249,-0.208395489,0.977676973-0.988418166,-0.149180093,-0.027835761,0.151689329,-0.976617679,-0.152342567,-0.004458418,-0.154800548,0.987935683-0.991385313,-0.123271887,-0.044262892,0.127104975,-0.987040982,-0.097951139,-0.031614667,-0.102733355,0.994206402-0.993922925,-0.096356568,-0.053222472,0.099239604,-0.99357121,-0.054477077,-0.047631092,-0.059427793,0.99709559-0.995153477,-0.073892092,-0.064880778,0.075866916,-0.996710072,-0.028517429,-0.062560112,-0.033301523,0.997485459-0.995274499,-0.058019722,-0.077861308,0.059080668,-0.998188224,-0.011390502,-0.077059367,-0.015936774,0.996899129-0.994971561,-0.047847171,-0.087990006,0.048129551,-0.998840508,-0.001089233,-0.087835865,-0.005318675,0.996120762-0.993917776,-0.043448329,-0.101191388,0.043144988,-0.999055365,0.005185376,-0.101321095,0.000787936,0.994853464-0.99324707,-0.049802237,-0.104785469,0.048931264,-0.99874302,0.010867939,-0.105195004,0.005667263,0.994435465-0.993504572,-0.062940391,-0.094800698,0.061398855,-0.997930663,0.01909377,-0.095806293,0.013149094,0.995313144-0.993815238,-0.078293705,-0.078748768,0.076370793,-0.996709907,0.027145233,-0.080614978,0.02096324,0.996524846-0.993381552,-0.09894147,-0.058341046,0.0969454,-0.99463436,0.036112044,-0.061600988,0.030217142,0.997643344-0.991562813,-0.124067702,-0.037555203,0.12239058,-0.991502571,0.044081717,-0.042705197,0.039113388,0.998321796-0.98869074,-0.148428331,-0.021439495,0.147242916,-0.987882422,0.049069789,-0.028463047,0.045358033,0.998565223-0.985065108,-0.171713064,-0.012702654,0.170899909,-0.984051436,0.049355783,-0.020975098,0.046447777,0.99870048-0.981187173,-0.192817676,-0.009647543,0.192138761,-0.980163848,0.048595545,-0.018826253,0.045827659,0.998771945-0.977795133,-0.209187909,-0.01253384,0.208320155,-0.976760137,0.050421706,-0.022790166,0.046691048,0.998649365-0.975540327,-0.219376393,-0.013966687,0.218411074,-0.97451032,0.051246841,-0.024853027,0.046942881,0.99858835-0.974299499,-0.224976617,-0.011225357,0.224234925,-0.97341655,0.046678894,-0.021428608,0.042962106,0.998846871-0.973559038,-0.228324024,-0.007137268,0.227863329,-0.972856296,0.040360017,-0.016158698,0.037666538,0.999159711-0.972775633,-0.2317389,0.002156156,0.231663943,-0.972124858,0.036125872,-0.006275717,0.035641872,0.999344922-0.971887899,-0.234674034,0.019026553,0.235222704,-0.971301941,0.035253647,0.010207412,0.03873807,0.999197263-0.97162396,-0.233865974,0.035406032,0.235268078,-0.970995148,0.042630436,0.024409277,0.049750662,0.998463349-0.972216079,-0.230144986,0.042768931,0.232514182,-0.970568415,0.062722457,0.027074915,0.070924164,0.997114192-0.972989248,-0.227594802,0.038633276,0.230324145,-0.968374407,0.095925993,0.015579218,0.102233136,0.994638464-0.973392003,-0.227442726,0.027889338,0.229133881,-0.964838219,0.128782282,-0.002381895,0.131746036,0.991280641-0.974384097,-0.224886562,0.001290948,0.222448277,-0.962944143,0.152497023,-0.033051421,0.148877843,0.988303087-0.975831639,-0.216486471,-0.029769457,0.209454615,-0.965452013,0.155019916,-0.062300697,0.145037989,0.987462711-0.977416341,-0.203808622,-0.055851067,0.194056864,-0.970274738,0.144598982,-0.083661398,0.130495125,0.987912847-0.978990363,-0.190423267,-0.07291672,0.179726748,-0.974747763,0.132533374,-0.096312847,0.116643811,0.988492821-0.980297347,-0.178784111,-0.083984239,0.167546139,-0.977798105,0.125853716,-0.104620275,0.109302829,0.988487476-0.980993786,-0.169698448,-0.094093724,0.157912889,-0.980001264,0.121082791,-0.11275953,0.103922854,0.988172722-0.981361508,-0.163477478,-0.101018343,0.151377626,-0.981445691,0.1176825,-0.118382456,0.100197158,0.987899855-0.981628183,-0.159231718,-0.105125502,0.146740477,-0.982175388,0.117468039,-0.121956318,0.099883772,0.987496779-0.981837887,-0.156808862,-0.106795806,0.143154446,-0.981727498,0.125371148,-0.124503687,0.107805849,0.986345138-0.981184294,-0.156731152,-0.112750733,0.139572635,-0.979287577,0.14668102,-0.133404878,0.128184196,0.982736969-0.980430262,-0.158941567,-0.116164017,0.140232929,-0.977981834,0.154551795,-0.138171003,0.135237236,0.981131828-0.979969967,-0.162525026,-0.115084668,0.143789861,-0.977277863,0.155731994,-0.137780044,0.136064669,0.981072406-0.979452591,-0.165278437,-0.115566693,0.146394777,-0.976806847,0.156259252,-0.138712622,0.136130169,0.980931897-0.979401058,-0.169027496,-0.110468424,0.150631795,-0.975919794,0.157767607,-0.134475385,0.137877704,0.981277794-0.979440344,-0.174328933,-0.101518645,0.156828161,-0.974515504,0.160388468,-0.126891844,0.141169954,0.981819486-0.979259775,-0.178564729,-0.095733645,0.161745678,-0.973546594,0.161385764,-0.122018969,0.142554083,0.982237092-0.978706263,-0.181086607,-0.096652426,0.163999087,-0.973008519,0.162353692,-0.123443713,0.143045666,0.98198757-0.97790206,-0.184679548,-0.097984826,0.166846277,-0.971820352,0.166515836,-0.125975718,0.146487776,0.981158219-0.977150713,-0.187070414,-0.100901655,0.168220914,-0.970833935,0.170830895,-0.129916157,0.149953762,0.980120228-0.97629971,-0.189586523,-0.104383078,0.169680553,-0.969912445,0.174580525,-0.134340561,0.152731137,0.979094384-0.975630546,-0.192119676,-0.105995601,0.171459098,-0.968962442,0.178083024,-0.136919009,0.155569328,0.978290023-0.975098118,-0.193596643,-0.108185025,0.17228039,-0.968426975,0.180190623,-0.139653596,0.157065379,0.977664227-0.97453972,-0.191674499,-0.116332367,0.168952767,-0.968863629,0.180992352,-0.147401817,0.15672956,0.976580027-0.973946914,-0.187421204,-0.127674201,0.162996371,-0.969976461,0.180493347,-0.15766925,0.154980507,0.975254557-0.972821426,-0.183317734,-0.141467601,0.157085236,-0.97132781,0.178455919,-0.17012555,0.15138327,0.973725014-0.970978652,-0.182314645,-0.154796081,0.154516215,-0.972218457,0.175829497,-0.182551899,0.146808184,0.972173936-0.968147525,-0.183660129,-0.170174403,0.154293914,-0.972902966,0.172201065,-0.197189652,0.14045916,0.970251238-0.965030973,-0.181168945,-0.18945457,0.149837553,-0.974260507,0.168419634,-0.215090512,0.134142754,0.967337476-0.961658813,-0.173496545,-0.212394154,0.139522669,-0.976249412,0.1657423,-0.236105385,0.129753744,0.963025552-0.956676745,-0.161561215,-0.242213913,0.124114481,-0.978840309,0.162687567,-0.263372742,0.125577158,0.956485847-0.950116827,-0.149053453,-0.273972777,0.108580556,-0.981539149,0.157452092,-0.292383784,0.119849765,0.948761169-0.943906132,-0.138301037,-0.299856695,0.096023137,-0.983785513,0.151478122,-0.315944254,0.114187948,0.941881278-0.926703249,-0.220123598,-0.304576248,0.147094898,-0.958292603,0.245027299,-0.345809456,0.182265982,0.920431927-0.926647391,-0.219621052,-0.305108515,0.147101552,-0.958722109,0.243337321,-0.345956277,0.180605958,0.920703939-0.92642009,-0.219108785,-0.306165245,0.147076051,-0.959208636,0.241427894,-0.34657532,0.178634076,0.920855806-0.926053179,-0.218505057,-0.30770286,0.146875521,-0.959726078,0.239485776,-0.347639312,0.176582547,0.920850429-0.925572984,-0.217840606,-0.309612858,0.146562192,-0.960268552,0.237494911,-0.349047526,0.174441334,0.920725825-0.925085132,-0.216960312,-0.311682084,0.146020021,-0.960854002,0.235452204,-0.350564761,0.172301509,0.920552301-0.924615748,-0.216213208,-0.313588213,0.145631983,-0.961396729,0.233468744,-0.351961709,0.170200404,0.920410114-0.924226842,-0.215600908,-0.315152333,0.145492718,-0.96192056,0.231388645,-0.353039111,0.168003227,0.920401164-0.923832474,-0.215316546,-0.316500151,0.145685224,-0.962354798,0.229453825,-0.353990644,0.165867499,0.920423053-0.923514481,-0.215024693,-0.317624597,0.14585297,-0.962749928,0.227682865,-0.354750496,0.163941932,0.92047549-0.923264199,-0.214757815,-0.318531473,0.14602194,-0.963099912,0.226088815,-0.355331973,0.162227125,0.920555022-0.923019736,-0.214762421,-0.319236073,0.146489682,-0.963387336,0.224556481,-0.355774283,0.160505273,0.920686003-0.92284202,-0.214877693,-0.319671994,0.14715893,-0.963662563,0.222932084,-0.355959065,0.158688506,0.920929477-0.922681684,-0.21483653,-0.320162108,0.14778782,-0.964018795,0.220967243,-0.356114125,0.156566368,0.921232708-0.922629991,-0.214513056,-0.320527767,0.148343219,-0.964498376,0.218488378,-0.35601712,0.154035809,0.921696685-0.922668205,-0.21385794,-0.320855364,0.148697198,-0.965082544,0.215649778,-0.355770328,0.1512629,0.922251055-0.922792888,-0.212881467,-0.321146021,0.148889918,-0.9657797,0.212370814,-0.355366118,0.148158872,0.922910543-0.922941776,-0.211588636,-0.321572274,0.148916755,-0.966597348,0.20859858,-0.354967996,0.144636844,0.923622166-0.923069104,-0.210015217,-0.322237548,0.148726244,-0.96749747,0.20452176,-0.354716695,0.140862537,0.924301797-0.923208411,-0.208350761,-0.32291824,0.148441018,-0.968396159,0.200434887,-0.354473544,0.137108861,0.924959278-0.923446523,-0.206486934,-0.323434176,0.147913281,-0.969283247,0.196498469,-0.354073695,0.133615617,0.925623404-0.923720995,-0.204524351,-0.323897073,0.147231794,-0.970147545,0.192708434,-0.353641518,0.130320879,0.926258142-0.924064589,-0.202617018,-0.324115688,0.146540394,-0.970945687,0.189183471,-0.35303052,0.127321706,0.926908105-0.924399815,-0.20074855,-0.324322375,0.145782553,-0.97168673,0.185936405,-0.352466211,0.124599035,0.927492669-0.924682809,-0.198927148,-0.324637787,0.144928506,-0.972366756,0.183026284,-0.352075888,0.122191989,0.927961037-0.924965142,-0.19716724,-0.32490701,0.143999609,-0.972977412,0.180496727,-0.351715223,0.120166698,0.928362196-0.92520354,-0.195564561,-0.325196727,0.143103664,-0.973513297,0.178306481,-0.351453767,0.118432944,0.928683955-0.925442229,-0.194180353,-0.325347,0.142315421,-0.973960428,0.176486274,-0.351145271,0.117025955,0.928978969-0.925722063,-0.192980159,-0.325265,0.14156979,-0.974311201,0.175144736,-0.350708792,0.116087649,0.929261535-0.925954517,-0.19201526,-0.325174371,0.140974282,-0.974591455,0.174062485,-0.350334817,0.115332721,0.929496573-0.926168139,-0.191163856,-0.325067622,0.140451349,-0.974836822,0.173108603,-0.349979995,0.114671487,0.929712027-0.926442621,-0.190380735,-0.324744894,0.140048095,-0.975073359,0.172100192,-0.349414655,0.113961049,0.930011977-0.92674445,-0.189658077,-0.324306242,0.139808,-0.975325308,0.170863301,-0.34870969,0.113006009,0.930393032-0.927066429,-0.18882391,-0.323872455,0.139595983,-0.975640123,0.169231534,-0.347937921,0.111677581,0.930842264-0.927370855,-0.188131526,-0.323403505,0.139527058,-0.975927837,0.167621766,-0.347153422,0.110324001,0.931296471-0.927708148,-0.187473743,-0.322817577,0.13947342,-0.97619545,0.166101201,-0.346272664,0.109068966,0.931772077-0.927981673,-0.186941405,-0.322339768,0.139426741,-0.976409859,0.164875625,-0.345557809,0.108058774,0.932155085-0.928242483,-0.186360416,-0.321924973,0.139247384,-0.976608867,0.163845311,-0.344929064,0.107260968,0.93248004-0.928494086,-0.185888534,-0.321471903,0.139070436,-0.976754031,0.16312871,-0.344322734,0.106756804,0.932761941-0.928649895,-0.185438265,-0.321281843,0.138789126,-0.976870656,0.162669297,-0.344015917,0.1064724,0.932907647-0.928781356,-0.1849519,-0.321182172,0.13838143,-0.976969993,0.162419862,-0.343825206,0.106406892,0.932985424-0.928801434,-0.184542358,-0.321359634,0.137915816,-0.977029739,0.162456508,-0.343958026,0.106569261,0.932917933-0.92874765,-0.184250192,-0.32168256,0.137376011,-0.977018417,0.162981119,-0.344319088,0.107176864,0.932715115-0.928679504,-0.184093839,-0.32196869,0.136905877,-0.976961781,0.163714564,-0.344689947,0.107958954,0.932487911-0.928554467,-0.183910947,-0.322433505,0.136336994,-0.9768962,0.164578368,-0.34525183,0.108860364,0.932175196-0.928404461,-0.183786802,-0.322935857,0.135779209,-0.976807468,0.165563209,-0.34587449,0.109861646,0.931826838-0.928206513,-0.183738073,-0.323532053,0.135289261,-0.976708771,0.166543665,-0.346597006,0.110816502,0.931445231-0.92798526,-0.183732101,-0.324169511,0.134822434,-0.976598715,0.167564499,-0.347370505,0.111792063,0.931040422-0.927745056,-0.183435556,-0.325023857,0.134152321,-0.976576123,0.16823267,-0.348270391,0.112474323,0.930621975-0.927482873,-0.183124625,-0.325946149,0.133589358,-0.976598972,0.168547715,-0.349183911,0.112782182,0.930242321-0.927145956,-0.182933464,-0.32701028,0.133167608,-0.976617791,0.168772269,-0.350238153,0.11292935,0.929828048-0.926762044,-0.182733409,-0.328208189,0.132755999,-0.976652074,0.168898106,-0.351408535,0.112956748,0.929383029-0.926253212,-0.182554776,-0.329740413,0.132349175,-0.976697139,0.168956782,-0.352900386,0.112855891,0.928829837-0.925696207,-0.182337732,-0.331420404,0.131904664,-0.976757112,0.168957699,-0.3545246,0.112687604,0.928231551-0.925103959,-0.182084069,-0.333208729,0.131453128,-0.976838368,0.168839801,-0.356234109,0.112393039,0.927612562-0.924503033,-0.181842702,-0.335003543,0.131043277,-0.976926855,0.168646313,-0.357941059,0.112014066,0.927001104-0.923912863,-0.181595957,-0.336760939,0.130676503,-0.977028603,0.168341204,-0.359595152,0.111525862,0.926419618-0.923274742,-0.181275079,-0.338678456,0.130218894,-0.977145233,0.168018551,-0.361395614,0.111024951,0.925778953-0.922610855,-0.180891426,-0.340686809,0.129718451,-0.977282062,0.16760935,-0.363266202,0.110444841,0.925115995-0.921945589,-0.180369553,-0.342758158,0.129131088,-0.977458513,0.167032985,-0.365159544,0.10973459,0.924454881-0.921123462,-0.179888273,-0.345212654,0.128607674,-0.977654381,0.16628884,-0.367412075,0.108775555,0.9236754-0.920152938,-0.179543032,-0.34796964,0.128593991,-0.977950513,0.164549017,-0.369840717,0.106663457,0.922952193-0.919220027,-0.17937707,-0.350511638,0.129354989,-0.978366272,0.161451925,-0.371889538,0.103069414,0.92253719-0.918363839,-0.178999534,-0.352940542,0.130686747,-0.978999493,0.156463946,-0.373535585,0.097566179,0.9224706-0.917700987,-0.178197689,-0.355064052,0.132527107,-0.979878678,0.149245913,-0.374514971,0.08990751,0.922851654-0.917463577,-0.176764334,-0.356391575,0.134710981,-0.980978993,0.139761104,-0.374317427,0.080215864,0.923824593-0.917662891,-0.175377909,-0.35656333,0.13756036,-0.982056957,0.12900109,-0.37278944,0.069330533,0.925322274-0.91818736,-0.174467329,-0.355658718,0.140842177,-0.982907801,0.118556891,-0.370264032,0.058765691,0.927065877-0.91882392,-0.174480354,-0.354004533,0.144540705,-0.983416442,0.109544901,-0.367247312,0.049484411,0.928806064-0.919234428,-0.175597087,-0.352382929,0.148717994,-0.983585918,0.102184639,-0.364542211,0.041525956,0.930260486-0.919228316,-0.177887775,-0.35124812,0.153307192,-0.983422158,0.096838861,-0.362651634,0.03516816,0.931260969-0.918897213,-0.180859659,-0.350596201,0.15794155,-0.983044237,0.093158442,-0.361500179,0.030229325,0.931881864-0.918384204,-0.184291839,-0.350152783,0.162774077,-0.982531796,0.090199055,-0.360659192,0.025841591,0.932339616-0.91780988,-0.188056931,-0.349656424,0.167886916,-0.981921957,0.087425704,-0.35977633,0.021537437,0.932789972-0.917126527,-0.192457033,-0.349054758,0.173607138,-0.981154623,0.084830233,-0.358802864,0.017201659,0.933254846-0.916393397,-0.197707699,-0.348044261,0.180132269,-0.980175932,0.082507626,-0.357457,0.012915442,0.933840288-0.915655002,-0.203981996,-0.346362905,0.187728505,-0.978938193,0.080237293,-0.355434839,0.008447488,0.934662888-0.914865529,-0.211169166,-0.344134634,0.196217891,-0.977441479,0.078145337,-0.352873352,0.003967103,0.935662685-0.913996774,-0.219109638,-0.341468686,0.205457532,-0.975700078,0.076135148,-0.349852968,-0.000570034,0.936804449-0.912936762,-0.227726194,-0.338655059,0.215305257,-0.973712187,0.074352017,-0.34668446,-0.005035525,0.937968298-0.911689215,-0.237098791,-0.335569573,0.22578021,-0.971441604,0.072969212,-0.343287157,-0.009239725,0.939185049-0.910260092,-0.247248925,-0.33210621,0.236876172,-0.96886378,0.072060085,-0.339582457,-0.013074628,0.940485411-0.908590569,-0.258265396,-0.328271479,0.248578967,-0.965937347,0.071927316,-0.335666018,-0.016248904,0.941840909-0.90655843,-0.270362846,-0.324123039,0.261050938,-0.962578046,0.072773018,-0.331668842,-0.01863963,0.943211717-0.904078147,-0.2835672,-0.319737936,0.274231419,-0.958744087,0.07487927,-0.327780161,-0.019985476,0.944542613-0.901141543,-0.298138466,-0.314733816,0.288370383,-0.954309473,0.07833232,-0.32370734,-0.020171403,0.945942214-0.897578954,-0.314141844,-0.309300702,0.303556273,-0.949180346,0.083127978,-0.319696123,-0.019276245,0.947324029-0.893297618,-0.331470763,-0.303556417,0.319927173,-0.943293728,0.088563802,-0.315699175,-0.018002113,0.948688545-0.888275728,-0.350053617,-0.297369628,0.337745642,-0.936570297,0.093616028,-0.31127819,-0.017278451,0.950161746-0.882398061,-0.369945127,-0.290713372,0.357406486,-0.928876693,0.097204389,-0.305997165,-0.018129881,0.951859781-0.875704609,-0.390937874,-0.283388455,0.378848059,-0.920179333,0.098712424,-0.299358625,-0.020918241,0.953911338-0.868263311,-0.412629658,-0.275418932,0.401635217,-0.910541099,0.098000306,-0.29121809,-0.025527873,0.956316031-0.859914724,-0.434959069,-0.267127827,0.425549897,-0.899893743,0.09538625,-0.281875774,-0.031652178,0.958928666-0.850567272,-0.45782142,-0.258717729,0.450263718,-0.888200901,0.091442577,-0.27165769,-0.038713143,0.961614992-0.840166728,-0.481096019,-0.250332757,0.475550671,-0.875435842,0.086392398,-0.260713307,-0.046461893,0.964297601-0.828728021,-0.504652,-0.241942608,0.501050882,-0.861623571,0.080949582,-0.249314823,-0.05414037,0.966907927-0.816160277,-0.528469286,-0.233672024,0.526519195,-0.846758402,0.076011479,-0.238033482,-0.060995257,0.969339796-0.80233235,-0.552719062,-0.225309651,0.552059548,-0.830696319,0.071929698,-0.226920813,-0.06667282,0.971628365-0.787232531,-0.577274973,-0.216837608,0.577585105,-0.813439351,0.068643055,-0.216010161,-0.071204126,0.973791345-0.770710194,-0.602112776,-0.208485017,0.603089993,-0.794913978,0.066288965,-0.205641087,-0.074645646,0.975776496-0.75242169,-0.627468327,-0.200362418,0.628798418,-0.774831291,0.065184509,-0.196148286,-0.076941333,0.977550961-0.732302985,-0.653245885,-0.192359435,0.654700803,-0.753085069,0.065036425,-0.187347795,-0.078311509,0.97916705-0.710384568,-0.679239504,-0.184356889,0.680718545,-0.729635271,0.065227562,-0.178818425,-0.0791585,0.980692563-0.687031834,-0.70495777,-0.176130071,0.706455361,-0.704756995,0.065103004,-0.170023768,-0.079700197,0.982211686-0.66239993,-0.730163614,-0.167593048,0.731851148,-0.678501388,0.063480422,-0.16006321,-0.080603737,0.983810351-0.636543494,-0.754712231,-0.158813816,0.756836404,-0.650879916,0.059615368,-0.148361171,-0.082248303,0.985507067-0.609861453,-0.778224394,-0.149785852,0.781015042,-0.622256172,0.053035475,-0.134478671,-0.084640711,0.98729501-0.582471224,-0.800625315,-0.140450624,0.804127088,-0.592800207,0.04435697,-0.118772472,-0.087103492,0.989093566-0.554270697,-0.821935582,-0.131171237,0.826049979,-0.562543015,0.034449797,-0.102104977,-0.089259484,0.990760979-0.525066141,-0.84229042,-0.121870409,0.846807027,-0.531357489,0.024022438,-0.084990624,-0.09058735,0.992255273-0.49494279,-0.861596826,-0.112616801,0.866249876,-0.499420221,0.013805639,-0.068138002,-0.090721288,0.993542581-0.464188681,-0.879676021,-0.103435804,0.88421477,-0.467062779,0.004074399,-0.051895165,-0.089568175,0.994627787-0.432655707,-0.896603876,-0.094395595,0.900817463,-0.434170014,-0.004929249,-0.036564153,-0.087165868,0.995522563-0.40045207,-0.912305307,-0.085657264,0.916046913,-0.4008532,-0.013219903,-0.022275401,-0.08376001,0.996236953-0.36775084,-0.926702484,-0.077342266,0.929882492,-0.367249444,-0.021128112,-0.00882443,-0.0796891,0.996780706-0.33462061,-0.939788426,-0.069474895,0.942344464,-0.333394447,-0.028897304,0.003994807,-0.075138917,0.997165074-0.301418704,-0.951476642,-0.061959386,0.953340705,-0.299576862,-0.037352416,0.016978353,-0.070327121,0.997379482-0.268292495,-0.961776419,-0.054820218,0.962840458,-0.265891729,-0.047326945,0.030941697,-0.065480588,0.997374004-0.235705079,-0.970626873,-0.048234736,0.970726473,-0.232789694,-0.059152964,0.046186907,-0.060765389,0.997082914-0.203645055,-0.97814653,-0.041929199,0.977052065,-0.20031305,-0.072415084,0.062433598,-0.055713984,0.996492849-0.172165396,-0.984404944,-0.036138388,0.981890757,-0.16855039,-0.086494551,0.079054525,-0.050375318,0.99559666-0.141132559,-0.989508877,-0.030883391,0.985398387,-0.137408239,-0.100543497,0.09524505,-0.044622405,0.994453227-0.110009871,-0.993583575,-0.026258495,0.987770749,-0.106353249,-0.114008483,0.11048428,-0.038479432,0.993132699-0.078883062,-0.996633193,-0.022354869,0.989077799,-0.075444871,-0.126622191,0.124509319,-0.032099051,0.991699088-0.047506336,-0.998688045,-0.019